[[1.     0.     0.     0.     0.     0.     0.     0.     0.     0.
  0.     0.     0.     0.     0.     0.    ]
 [0.     0.25   0.25   0.     0.25   0.     0.     0.     0.25   0.
  0.     0.     0.     0.     0.     0.    ]
 [0.25   0.     0.     0.125  0.     0.125  0.125  0.     0.     0.125
  0.125  0.     0.125  0.     0.     0.    ]
 [0.     0.1875 0.1875 0.     0.1875 0.     0.     0.0625 0.1875 0.
  0.     0.0625 0.     0.0625 0.0625 0.    ]
 [0.5625 0.     0.     0.0625 0.     0.0625 0.0625 0.     0.     0.0625
  0.0625 0.     0.0625 0.     0.     0.0625]
 [0.     0.1875 0.1875 0.     0.1875 0.     0.     0.0625 0.1875 0.
  0.     0.0625 0.     0.0625 0.0625 0.    ]
 [0.5625 0.     0.     0.0625 0.     0.0625 0.0625 0.     0.     0.0625
  0.0625 0.     0.0625 0.     0.     0.0625]
 [0.     0.1875 0.1875 0.     0.1875 0.     0.     0.0625 0.1875 0.
  0.     0.0625 0.     0.0625 0.0625 0.    ]
 [0.5625 0.     0.     0.0625 0.     0.0625 0.0625 0.     0.     0.0625
  0.0625 0.     0.0625 0.     0.     0.0625]
 [0.     0.1875 0.1875 0.     0.1875 0.     0.     0.0625 0.1875 0.
  0.     0.0625 0.     0.0625 0.0625 0.    ]
 [0.25   0.     0.     0.125  0.     0.125  0.125  0.     0.     0.125
  0.125  0.     0.125  0.     0.     0.    ]
 [0.     0.25   0.25   0.     0.25   0.     0.     0.     0.25   0.
  0.     0.     0.     0.     0.     0.    ]
 [1.     0.     0.     0.     0.     0.     0.     0.     0.     0.
  0.     0.     0.     0.     0.     0.    ]
 [0.     0.25   0.25   0.     0.25   0.     0.     0.     0.25   0.
  0.     0.     0.     0.     0.     0.    ]
 [0.25   0.     0.     0.125  0.     0.125  0.125  0.     0.     0.125
  0.125  0.     0.125  0.     0.     0.    ]
 [0.     0.1875 0.1875 0.     0.1875 0.     0.     0.0625 0.1875 0.
  0.     0.0625 0.     0.0625 0.0625 0.    ]
 [0.5625 0.     0.     0.0625 0.     0.0625 0.0625 0.     0.     0.0625
  0.0625 0.     0.0625 0.     0.     0.0625]
 [0.     0.1875 0.1875 0.     0.1875 0.     0.     0.0625 0.1875 0.
  0.     0.0625 0.     0.0625 0.0625 0.    ]
 [0.5625 0.     0.     0.0625 0.     0.0625 0.0625 0.     0.     0.0625
  0.0625 0.     0.0625 0.     0.     0.0625]
 [0.     0.1875 0.1875 0.     0.1875 0.     0.     0.0625 0.1875 0.
  0.     0.0625 0.     0.0625 0.0625 0.    ]
 [0.5625 0.     0.     0.0625 0.     0.0625 0.0625 0.     0.     0.0625
  0.0625 0.     0.0625 0.     0.     0.0625]
 [0.     0.1875 0.1875 0.     0.1875 0.     0.     0.0625 0.1875 0.
  0.     0.0625 0.     0.0625 0.0625 0.    ]
 [0.25   0.     0.     0.125  0.     0.125  0.125  0.     0.     0.125
  0.125  0.     0.125  0.     0.     0.    ]
 [0.     0.25   0.25   0.     0.25   0.     0.     0.     0.25   0.
  0.     0.     0.     0.     0.     0.    ]
 [1.     0.     0.     0.     0.     0.     0.     0.     0.     0.
  0.     0.     0.     0.     0.     0.    ]
 [0.     0.25   0.25   0.     0.25   0.     0.     0.     0.25   0.
  0.     0.     0.     0.     0.     0.    ]
 [0.25   0.     0.     0.125  0.     0.125  0.125  0.     0.     0.125
  0.125  0.     0.125  0.     0.     0.    ]
 [0.     0.1875 0.1875 0.     0.1875 0.     0.     0.0625 0.1875 0.
  0.     0.0625 0.     0.0625 0.0625 0.    ]
 [0.5625 0.     0.     0.0625 0.     0.0625 0.0625 0.     0.     0.0625
  0.0625 0.     0.0625 0.     0.     0.0625]
 [0.     0.1875 0.1875 0.     0.1875 0.     0.     0.0625 0.1875 0.
  0.     0.0625 0.     0.0625 0.0625 0.    ]
 [0.5625 0.     0.     0.0625 0.     0.0625 0.0625 0.     0.     0.0625
  0.0625 0.     0.0625 0.     0.     0.0625]
 [0.     0.1875 0.1875 0.     0.1875 0.     0.     0.0625 0.1875 0.
  0.     0.0625 0.     0.0625 0.0625 0.    ]
 [0.5625 0.     0.     0.0625 0.     0.0625 0.0625 0.     0.     0.0625
  0.0625 0.     0.0625 0.     0.     0.0625]
 [0.     0.1875 0.1875 0.     0.1875 0.     0.     0.0625 0.1875 0.
  0.     0.0625 0.     0.0625 0.0625 0.    ]
 [0.25   0.     0.     0.125  0.     0.125  0.125  0.     0.     0.125
  0.125  0.     0.125  0.     0.     0.    ]
 [0.     0.25   0.25   0.     0.25   0.     0.     0.     0.25   0.
  0.     0.     0.     0.     0.     0.    ]
 [1.     0.     0.     0.     0.     0.     0.     0.     0.     0.
  0.     0.     0.     0.     0.     0.    ]
 [0.     0.25   0.25   0.     0.25   0.     0.     0.     0.25   0.
  0.     0.     0.     0.     0.     0.    ]
 [0.25   0.     0.     0.125  0.     0.125  0.125  0.     0.     0.125
  0.125  0.     0.125  0.     0.     0.    ]
 [0.     0.1875 0.1875 0.     0.1875 0.     0.     0.0625 0.1875 0.
  0.     0.0625 0.     0.0625 0.0625 0.    ]
 [0.5625 0.     0.     0.0625 0.     0.0625 0.0625 0.     0.     0.0625
  0.0625 0.     0.0625 0.     0.     0.0625]
 [0.     0.1875 0.1875 0.     0.1875 0.     0.     0.0625 0.1875 0.
  0.     0.0625 0.     0.0625 0.0625 0.    ]
 [0.5625 0.     0.     0.0625 0.     0.0625 0.0625 0.     0.     0.0625
  0.0625 0.     0.0625 0.     0.     0.0625]
 [0.     0.1875 0.1875 0.     0.1875 0.     0.     0.0625 0.1875 0.
  0.     0.0625 0.     0.0625 0.0625 0.    ]
 [0.5625 0.     0.     0.0625 0.     0.0625 0.0625 0.     0.     0.0625
  0.0625 0.     0.0625 0.     0.     0.0625]
 [0.     0.1875 0.1875 0.     0.1875 0.     0.     0.0625 0.1875 0.
  0.     0.0625 0.     0.0625 0.0625 0.    ]
 [0.25   0.     0.     0.125  0.     0.125  0.125  0.     0.     0.125
  0.125  0.     0.125  0.     0.     0.    ]
 [0.     0.25   0.25   0.     0.25   0.     0.     0.     0.25   0.
  0.     0.     0.     0.     0.     0.    ]
 [1.     0.     0.     0.     0.     0.     0.     0.     0.     0.
  0.     0.     0.     0.     0.     0.    ]
 [0.     0.25   0.25   0.     0.25   0.     0.     0.     0.25   0.
  0.     0.     0.     0.     0.     0.    ]
 [0.25   0.     0.     0.125  0.     0.125  0.125  0.     0.     0.125
  0.125  0.     0.125  0.     0.     0.    ]
 [0.     0.1875 0.1875 0.     0.1875 0.     0.     0.0625 0.1875 0.
  0.     0.0625 0.     0.0625 0.0625 0.    ]
 [0.5625 0.     0.     0.0625 0.     0.0625 0.0625 0.     0.     0.0625
  0.0625 0.     0.0625 0.     0.     0.0625]
 [0.     0.1875 0.1875 0.     0.1875 0.     0.     0.0625 0.1875 0.
  0.     0.0625 0.     0.0625 0.0625 0.    ]
 [0.5625 0.     0.     0.0625 0.     0.0625 0.0625 0.     0.     0.0625
  0.0625 0.     0.0625 0.     0.     0.0625]
 [0.     0.1875 0.1875 0.     0.1875 0.     0.     0.0625 0.1875 0.
  0.     0.0625 0.     0.0625 0.0625 0.    ]
 [0.5625 0.     0.     0.0625 0.     0.0625 0.0625 0.     0.     0.0625
  0.0625 0.     0.0625 0.     0.     0.0625]
 [0.     0.1875 0.1875 0.     0.1875 0.     0.     0.0625 0.1875 0.
  0.     0.0625 0.     0.0625 0.0625 0.    ]
 [0.25   0.     0.     0.125  0.     0.125  0.125  0.     0.     0.125
  0.125  0.     0.125  0.     0.     0.    ]
 [0.     0.25   0.25   0.     0.25   0.     0.     0.     0.25   0.
  0.     0.     0.     0.     0.     0.    ]
 [1.     0.     0.     0.     0.     0.     0.     0.     0.     0.
  0.     0.     0.     0.     0.     0.    ]
 [0.     0.25   0.25   0.     0.25   0.     0.     0.     0.25   0.
  0.     0.     0.     0.     0.     0.    ]
 [0.25   0.     0.     0.125  0.     0.125  0.125  0.     0.     0.125
  0.125  0.     0.125  0.     0.     0.    ]
 [0.     0.1875 0.1875 0.     0.1875 0.     0.     0.0625 0.1875 0.
  0.     0.0625 0.     0.0625 0.0625 0.    ]
 [0.5625 0.     0.     0.0625 0.     0.0625 0.0625 0.     0.     0.0625
  0.0625 0.     0.0625 0.     0.     0.0625]
 [0.     0.1875 0.1875 0.     0.1875 0.     0.     0.0625 0.1875 0.
  0.     0.0625 0.     0.0625 0.0625 0.    ]
 [0.5625 0.     0.     0.0625 0.     0.0625 0.0625 0.     0.     0.0625
  0.0625 0.     0.0625 0.     0.     0.0625]
 [0.     0.1875 0.1875 0.     0.1875 0.     0.     0.0625 0.1875 0.
  0.     0.0625 0.     0.0625 0.0625 0.    ]
 [0.5625 0.     0.     0.0625 0.     0.0625 0.0625 0.     0.     0.0625
  0.0625 0.     0.0625 0.     0.     0.0625]
 [0.     0.1875 0.1875 0.     0.1875 0.     0.     0.0625 0.1875 0.
  0.     0.0625 0.     0.0625 0.0625 0.    ]
 [0.25   0.     0.     0.125  0.     0.125  0.125  0.     0.     0.125
  0.125  0.     0.125  0.     0.     0.    ]
 [0.     0.25   0.25   0.     0.25   0.     0.     0.     0.25   0.
  0.     0.     0.     0.     0.     0.    ]
 [1.     0.     0.     0.     0.     0.     0.     0.     0.     0.
  0.     0.     0.     0.     0.     0.    ]
 [0.     0.25   0.25   0.     0.25   0.     0.     0.     0.25   0.
  0.     0.     0.     0.     0.     0.    ]
 [0.25   0.     0.     0.125  0.     0.125  0.125  0.     0.     0.125
  0.125  0.     0.125  0.     0.     0.    ]
 [0.     0.1875 0.1875 0.     0.1875 0.     0.     0.0625 0.1875 0.
  0.     0.0625 0.     0.0625 0.0625 0.    ]
 [0.5625 0.     0.     0.0625 0.     0.0625 0.0625 0.     0.     0.0625
  0.0625 0.     0.0625 0.     0.     0.0625]
 [0.     0.1875 0.1875 0.     0.1875 0.     0.     0.0625 0.1875 0.
  0.     0.0625 0.     0.0625 0.0625 0.    ]
 [0.5625 0.     0.     0.0625 0.     0.0625 0.0625 0.     0.     0.0625
  0.0625 0.     0.0625 0.     0.     0.0625]
 [0.     0.1875 0.1875 0.     0.1875 0.     0.     0.0625 0.1875 0.
  0.     0.0625 0.     0.0625 0.0625 0.    ]
 [0.5625 0.     0.     0.0625 0.     0.0625 0.0625 0.     0.     0.0625
  0.0625 0.     0.0625 0.     0.     0.0625]
 [0.     0.1875 0.1875 0.     0.1875 0.     0.     0.0625 0.1875 0.
  0.     0.0625 0.     0.0625 0.0625 0.    ]
 [0.25   0.     0.     0.125  0.     0.125  0.125  0.     0.     0.125
  0.125  0.     0.125  0.     0.     0.    ]
 [0.     0.25   0.25   0.     0.25   0.     0.     0.     0.25   0.
  0.     0.     0.     0.     0.     0.    ]
 [1.     0.     0.     0.     0.     0.     0.     0.     0.     0.
  0.     0.     0.     0.     0.     0.    ]
 [0.     0.25   0.25   0.     0.25   0.     0.     0.     0.25   0.
  0.     0.     0.     0.     0.     0.    ]
 [0.25   0.     0.     0.125  0.     0.125  0.125  0.     0.     0.125
  0.125  0.     0.125  0.     0.     0.    ]
 [0.     0.1875 0.1875 0.     0.1875 0.     0.     0.0625 0.1875 0.
  0.     0.0625 0.     0.0625 0.0625 0.    ]
 [0.5625 0.     0.     0.0625 0.     0.0625 0.0625 0.     0.     0.0625
  0.0625 0.     0.0625 0.     0.     0.0625]
 [0.     0.1875 0.1875 0.     0.1875 0.     0.     0.0625 0.1875 0.
  0.     0.0625 0.     0.0625 0.0625 0.    ]
 [0.5625 0.     0.     0.0625 0.     0.0625 0.0625 0.     0.     0.0625
  0.0625 0.     0.0625 0.     0.     0.0625]
 [0.     0.1875 0.1875 0.     0.1875 0.     0.     0.0625 0.1875 0.
  0.     0.0625 0.     0.0625 0.0625 0.    ]
 [0.5625 0.     0.     0.0625 0.     0.0625 0.0625 0.     0.     0.0625
  0.0625 0.     0.0625 0.     0.     0.0625]
 [0.     0.1875 0.1875 0.     0.1875 0.     0.     0.0625 0.1875 0.
  0.     0.0625 0.     0.0625 0.0625 0.    ]
 [0.25   0.     0.     0.125  0.     0.125  0.125  0.     0.     0.125
  0.125  0.     0.125  0.     0.     0.    ]
 [0.     0.25   0.25   0.     0.25   0.     0.     0.     0.25   0.
  0.     0.     0.     0.     0.     0.    ]
 [1.     0.     0.     0.     0.     0.     0.     0.     0.     0.
  0.     0.     0.     0.     0.     0.    ]
 [0.     0.25   0.25   0.     0.25   0.     0.     0.     0.25   0.
  0.     0.     0.     0.     0.     0.    ]
 [0.25   0.     0.     0.125  0.     0.125  0.125  0.     0.     0.125
  0.125  0.     0.125  0.     0.     0.    ]
 [0.     0.1875 0.1875 0.     0.1875 0.     0.     0.0625 0.1875 0.
  0.     0.0625 0.     0.0625 0.0625 0.    ]
 [0.5625 0.     0.     0.0625 0.     0.0625 0.0625 0.     0.     0.0625
  0.0625 0.     0.0625 0.     0.     0.0625]]