[0.81009259 0.1767767  0.35355339 0.         0.         0.
 0.         0.         0.35355339 0.1767767  0.81009259 0.
 0.81009259 0.1767767  0.35355339 0.         0.         0.
 0.         0.         0.35355339 0.1767767  0.81009259 0.
 0.81009259 0.1767767  0.35355339 0.         0.         0.
 0.         0.         0.35355339 0.1767767  0.81009259 0.
 0.81009259 0.1767767  0.35355339 0.         0.         0.
 0.         0.         0.35355339 0.1767767  0.81009259 0.
 0.81009259 0.1767767  0.35355339 0.         0.         0.
 0.         0.         0.35355339 0.1767767  0.81009259 0.
 0.81009259 0.1767767  0.35355339 0.         0.         0.
 0.         0.         0.35355339 0.1767767  0.81009259 0.
 0.81009259 0.1767767  0.35355339 0.         0.         0.
 0.         0.         0.35355339 0.1767767  0.81009259 0.
 0.81009259 0.1767767  0.35355339 0.         0.         0.
 0.         0.         0.35355339 0.1767767  0.81009259 0.
 0.81009259 0.1767767  0.35355339]