[[1.00000000e+00 0.00000000e+00 0.00000000e+00 0.00000000e+00
  0.00000000e+00 0.00000000e+00 0.00000000e+00 0.00000000e+00
  0.00000000e+00 0.00000000e+00 0.00000000e+00 0.00000000e+00
  0.00000000e+00 0.00000000e+00 0.00000000e+00 0.00000000e+00]
 [0.00000000e+00 2.50000000e-01 5.00000000e-01 0.00000000e+00
  2.50000000e-01 0.00000000e+00 0.00000000e+00 0.00000000e+00
  4.21807439e-33 0.00000000e+00 0.00000000e+00 0.00000000e+00
  0.00000000e+00 0.00000000e+00 0.00000000e+00 0.00000000e+00]
 [2.50000000e-01 0.00000000e+00 0.00000000e+00 1.87500000e-01
  0.00000000e+00 1.25000000e-01 1.87500000e-01 0.00000000e+00
  0.00000000e+00 6.25000000e-02 1.25000000e-01 0.00000000e+00
  6.25000000e-02 0.00000000e+00 0.00000000e+00 0.00000000e+00]
 [0.00000000e+00 1.87500000e-01 1.87500000e-01 0.00000000e+00
  1.87500000e-01 0.00000000e+00 0.00000000e+00 1.25000000e-01
  1.25000000e-01 0.00000000e+00 0.00000000e+00 6.25000000e-02
  0.00000000e+00 6.25000000e-02 6.25000000e-02 0.00000000e+00]
 [3.12500000e-01 0.00000000e+00 0.00000000e+00 6.25000000e-02
  0.00000000e+00 2.50000000e-01 6.25000000e-02 0.00000000e+00
  0.00000000e+00 6.25000000e-02 1.25000000e-01 0.00000000e+00
  6.25000000e-02 0.00000000e+00 0.00000000e+00 6.25000000e-02]
 [0.00000000e+00 2.50000000e-01 1.87500000e-01 0.00000000e+00
  1.25000000e-01 0.00000000e+00 0.00000000e+00 1.25000000e-01
  1.25000000e-01 0.00000000e+00 0.00000000e+00 1.25000000e-01
  0.00000000e+00 6.25000000e-02 6.00642612e-33 0.00000000e+00]
 [3.12500000e-01 0.00000000e+00 0.00000000e+00 6.25000000e-02
  0.00000000e+00 2.50000000e-01 6.25000000e-02 0.00000000e+00
  0.00000000e+00 6.25000000e-02 1.25000000e-01 0.00000000e+00
  6.25000000e-02 0.00000000e+00 0.00000000e+00 6.25000000e-02]
 [0.00000000e+00 6.25000000e-02 6.25000000e-02 0.00000000e+00
  2.50000000e-01 0.00000000e+00 0.00000000e+00 1.87500000e-01
  1.87500000e-01 0.00000000e+00 0.00000000e+00 1.25000000e-01
  0.00000000e+00 6.25000000e-02 6.25000000e-02 0.00000000e+00]
 [6.25000000e-02 0.00000000e+00 0.00000000e+00 6.25000000e-02
  0.00000000e+00 3.75000000e-01 6.25000000e-02 0.00000000e+00
  0.00000000e+00 6.25000000e-02 2.50000000e-01 0.00000000e+00
  6.25000000e-02 0.00000000e+00 0.00000000e+00 6.25000000e-02]
 [0.00000000e+00 1.87500000e-01 6.25000000e-02 0.00000000e+00
  1.87500000e-01 0.00000000e+00 0.00000000e+00 1.25000000e-01
  2.50000000e-01 0.00000000e+00 0.00000000e+00 6.25000000e-02
  0.00000000e+00 6.25000000e-02 6.25000000e-02 0.00000000e+00]
 [1.87500000e-01 0.00000000e+00 0.00000000e+00 1.87500000e-01
  0.00000000e+00 1.25000000e-01 1.25000000e-01 0.00000000e+00
  0.00000000e+00 1.25000000e-01 1.25000000e-01 0.00000000e+00
  6.25000000e-02 0.00000000e+00 0.00000000e+00 6.25000000e-02]
 [0.00000000e+00 3.12500000e-01 3.12500000e-01 0.00000000e+00
  6.25000000e-02 0.00000000e+00 0.00000000e+00 6.25000000e-02
  6.25000000e-02 0.00000000e+00 0.00000000e+00 6.25000000e-02
  0.00000000e+00 6.25000000e-02 6.25000000e-02 0.00000000e+00]
 [6.25000000e-01 0.00000000e+00 0.00000000e+00 1.58233911e-31
  0.00000000e+00 1.25000000e-01 1.64244922e-31 0.00000000e+00
  0.00000000e+00 9.41425063e-32 1.25000000e-01 0.00000000e+00
  5.31184102e-32 0.00000000e+00 0.00000000e+00 1.25000000e-01]
 [0.00000000e+00 1.87500000e-01 3.12500000e-01 0.00000000e+00
  1.87500000e-01 0.00000000e+00 0.00000000e+00 6.25000000e-02
  6.25000000e-02 0.00000000e+00 0.00000000e+00 6.25000000e-02
  0.00000000e+00 6.25000000e-02 6.25000000e-02 0.00000000e+00]
 [1.87500000e-01 0.00000000e+00 0.00000000e+00 1.87500000e-01
  0.00000000e+00 1.25000000e-01 1.25000000e-01 0.00000000e+00
  0.00000000e+00 1.25000000e-01 1.25000000e-01 0.00000000e+00
  6.25000000e-02 0.00000000e+00 0.00000000e+00 6.25000000e-02]
 [0.00000000e+00 3.12500000e-01 2.50000000e-01 0.00000000e+00
  6.25000000e-02 0.00000000e+00 0.00000000e+00 6.25000000e-02
  6.25000000e-02 0.00000000e+00 0.00000000e+00 6.25000000e-02
  0.00000000e+00 1.25000000e-01 6.25000000e-02 0.00000000e+00]
 [5.00000000e-01 0.00000000e+00 0.00000000e+00 6.25000000e-02
  0.00000000e+00 6.25000000e-02 6.25000000e-02 0.00000000e+00
  0.00000000e+00 6.25000000e-02 6.25000000e-02 0.00000000e+00
  6.25000000e-02 0.00000000e+00 0.00000000e+00 1.25000000e-01]
 [0.00000000e+00 1.87500000e-01 3.12500000e-01 0.00000000e+00
  1.25000000e-01 0.00000000e+00 0.00000000e+00 6.25000000e-02
  6.25000000e-02 0.00000000e+00 0.00000000e+00 1.25000000e-01
  0.00000000e+00 6.25000000e-02 6.25000000e-02 0.00000000e+00]
 [3.12500000e-01 0.00000000e+00 0.00000000e+00 6.25000000e-02
  0.00000000e+00 1.25000000e-01 6.25000000e-02 0.00000000e+00
  0.00000000e+00 6.25000000e-02 2.50000000e-01 0.00000000e+00
  6.25000000e-02 0.00000000e+00 0.00000000e+00 6.25000000e-02]
 [0.00000000e+00 1.25000000e-01 1.87500000e-01 0.00000000e+00
  1.25000000e-01 0.00000000e+00 0.00000000e+00 1.25000000e-01
  1.25000000e-01 0.00000000e+00 0.00000000e+00 1.25000000e-01
  0.00000000e+00 6.25000000e-02 1.25000000e-01 0.00000000e+00]
 [2.50000000e-01 0.00000000e+00 0.00000000e+00 6.25000000e-02
  0.00000000e+00 1.87500000e-01 6.25000000e-02 0.00000000e+00
  0.00000000e+00 6.25000000e-02 1.87500000e-01 0.00000000e+00
  6.25000000e-02 0.00000000e+00 0.00000000e+00 1.25000000e-01]
 [0.00000000e+00 1.87500000e-01 1.25000000e-01 0.00000000e+00
  1.87500000e-01 0.00000000e+00 0.00000000e+00 6.25000000e-02
  1.87500000e-01 0.00000000e+00 0.00000000e+00 6.25000000e-02
  0.00000000e+00 1.25000000e-01 6.25000000e-02 0.00000000e+00]
 [1.25000000e-01 0.00000000e+00 0.00000000e+00 1.25000000e-01
  0.00000000e+00 1.25000000e-01 1.25000000e-01 0.00000000e+00
  0.00000000e+00 1.25000000e-01 1.25000000e-01 0.00000000e+00
  1.25000000e-01 0.00000000e+00 0.00000000e+00 1.25000000e-01]
 [0.00000000e+00 1.25000000e-01 1.25000000e-01 0.00000000e+00
  1.25000000e-01 0.00000000e+00 0.00000000e+00 1.25000000e-01
  1.25000000e-01 0.00000000e+00 0.00000000e+00 1.25000000e-01
  0.00000000e+00 1.25000000e-01 1.25000000e-01 0.00000000e+00]
 [2.50000000e-01 0.00000000e+00 0.00000000e+00 4.27252849e-31
  0.00000000e+00 2.50000000e-01 3.35384600e-31 0.00000000e+00
  0.00000000e+00 5.07185103e-31 2.50000000e-01 0.00000000e+00
  4.95317032e-31 0.00000000e+00 0.00000000e+00 2.50000000e-01]
 [0.00000000e+00 1.25000000e-01 1.25000000e-01 0.00000000e+00
  1.25000000e-01 0.00000000e+00 0.00000000e+00 1.25000000e-01
  1.25000000e-01 0.00000000e+00 0.00000000e+00 1.25000000e-01
  0.00000000e+00 1.25000000e-01 1.25000000e-01 0.00000000e+00]
 [1.25000000e-01 0.00000000e+00 0.00000000e+00 1.25000000e-01
  0.00000000e+00 1.25000000e-01 1.25000000e-01 0.00000000e+00
  0.00000000e+00 1.25000000e-01 1.25000000e-01 0.00000000e+00
  1.25000000e-01 0.00000000e+00 0.00000000e+00 1.25000000e-01]
 [0.00000000e+00 1.87500000e-01 1.25000000e-01 0.00000000e+00
  1.87500000e-01 0.00000000e+00 0.00000000e+00 6.25000000e-02
  1.87500000e-01 0.00000000e+00 0.00000000e+00 6.25000000e-02
  0.00000000e+00 1.25000000e-01 6.25000000e-02 0.00000000e+00]
 [2.50000000e-01 0.00000000e+00 0.00000000e+00 6.25000000e-02
  0.00000000e+00 1.87500000e-01 6.25000000e-02 0.00000000e+00
  0.00000000e+00 6.25000000e-02 1.87500000e-01 0.00000000e+00
  6.25000000e-02 0.00000000e+00 0.00000000e+00 1.25000000e-01]
 [0.00000000e+00 1.25000000e-01 1.87500000e-01 0.00000000e+00
  1.25000000e-01 0.00000000e+00 0.00000000e+00 1.25000000e-01
  1.25000000e-01 0.00000000e+00 0.00000000e+00 1.25000000e-01
  0.00000000e+00 6.25000000e-02 1.25000000e-01 0.00000000e+00]
 [3.12500000e-01 0.00000000e+00 0.00000000e+00 6.25000000e-02
  0.00000000e+00 1.25000000e-01 6.25000000e-02 0.00000000e+00
  0.00000000e+00 6.25000000e-02 2.50000000e-01 0.00000000e+00
  6.25000000e-02 0.00000000e+00 0.00000000e+00 6.25000000e-02]
 [0.00000000e+00 2.50000000e-01 3.12500000e-01 0.00000000e+00
  6.25000000e-02 0.00000000e+00 0.00000000e+00 6.25000000e-02
  6.25000000e-02 0.00000000e+00 0.00000000e+00 6.25000000e-02
  0.00000000e+00 6.25000000e-02 1.25000000e-01 0.00000000e+00]
 [5.00000000e-01 0.00000000e+00 0.00000000e+00 6.25000000e-02
  0.00000000e+00 6.25000000e-02 6.25000000e-02 0.00000000e+00
  0.00000000e+00 6.25000000e-02 6.25000000e-02 0.00000000e+00
  6.25000000e-02 0.00000000e+00 0.00000000e+00 1.25000000e-01]
 [0.00000000e+00 1.87500000e-01 2.50000000e-01 0.00000000e+00
  1.87500000e-01 0.00000000e+00 0.00000000e+00 6.25000000e-02
  6.25000000e-02 0.00000000e+00 0.00000000e+00 6.25000000e-02
  0.00000000e+00 1.25000000e-01 6.25000000e-02 0.00000000e+00]
 [1.87500000e-01 0.00000000e+00 0.00000000e+00 1.87500000e-01
  0.00000000e+00 1.25000000e-01 1.25000000e-01 0.00000000e+00
  0.00000000e+00 1.25000000e-01 1.25000000e-01 0.00000000e+00
  6.25000000e-02 0.00000000e+00 0.00000000e+00 6.25000000e-02]
 [0.00000000e+00 3.12500000e-01 3.12500000e-01 0.00000000e+00
  6.25000000e-02 0.00000000e+00 0.00000000e+00 6.25000000e-02
  6.25000000e-02 0.00000000e+00 0.00000000e+00 6.25000000e-02
  0.00000000e+00 6.25000000e-02 6.25000000e-02 0.00000000e+00]
 [6.25000000e-01 0.00000000e+00 0.00000000e+00 6.57105253e-31
  0.00000000e+00 1.25000000e-01 6.54019680e-31 0.00000000e+00
  0.00000000e+00 1.55828995e-30 1.25000000e-01 0.00000000e+00
  1.08630375e-30 0.00000000e+00 0.00000000e+00 1.25000000e-01]
 [0.00000000e+00 1.87500000e-01 3.12500000e-01 0.00000000e+00
  1.87500000e-01 0.00000000e+00 0.00000000e+00 6.25000000e-02
  6.25000000e-02 0.00000000e+00 0.00000000e+00 6.25000000e-02
  0.00000000e+00 6.25000000e-02 6.25000000e-02 0.00000000e+00]
 [1.87500000e-01 0.00000000e+00 0.00000000e+00 1.25000000e-01
  0.00000000e+00 1.25000000e-01 1.87500000e-01 0.00000000e+00
  0.00000000e+00 6.25000000e-02 1.25000000e-01 0.00000000e+00
  1.25000000e-01 0.00000000e+00 0.00000000e+00 6.25000000e-02]
 [0.00000000e+00 6.25000000e-02 6.25000000e-02 0.00000000e+00
  3.12500000e-01 0.00000000e+00 0.00000000e+00 1.25000000e-01
  2.50000000e-01 0.00000000e+00 0.00000000e+00 6.25000000e-02
  0.00000000e+00 6.25000000e-02 6.25000000e-02 0.00000000e+00]
 [6.25000000e-02 0.00000000e+00 0.00000000e+00 6.25000000e-02
  0.00000000e+00 3.75000000e-01 6.25000000e-02 0.00000000e+00
  0.00000000e+00 6.25000000e-02 2.50000000e-01 0.00000000e+00
  6.25000000e-02 0.00000000e+00 0.00000000e+00 6.25000000e-02]
 [0.00000000e+00 1.87500000e-01 6.25000000e-02 0.00000000e+00
  1.25000000e-01 0.00000000e+00 0.00000000e+00 1.87500000e-01
  1.87500000e-01 0.00000000e+00 0.00000000e+00 1.25000000e-01
  0.00000000e+00 6.25000000e-02 6.25000000e-02 0.00000000e+00]
 [3.12500000e-01 0.00000000e+00 0.00000000e+00 6.25000000e-02
  0.00000000e+00 2.50000000e-01 6.25000000e-02 0.00000000e+00
  0.00000000e+00 6.25000000e-02 1.25000000e-01 0.00000000e+00
  6.25000000e-02 0.00000000e+00 0.00000000e+00 6.25000000e-02]
 [0.00000000e+00 1.87500000e-01 1.87500000e-01 0.00000000e+00
  1.87500000e-01 0.00000000e+00 0.00000000e+00 1.25000000e-01
  1.25000000e-01 0.00000000e+00 0.00000000e+00 6.25000000e-02
  0.00000000e+00 6.25000000e-02 6.25000000e-02 0.00000000e+00]
 [3.12500000e-01 0.00000000e+00 0.00000000e+00 6.25000000e-02
  0.00000000e+00 2.50000000e-01 6.25000000e-02 0.00000000e+00
  0.00000000e+00 6.25000000e-02 1.25000000e-01 0.00000000e+00
  6.25000000e-02 0.00000000e+00 0.00000000e+00 6.25000000e-02]
 [0.00000000e+00 1.87500000e-01 1.87500000e-01 0.00000000e+00
  1.87500000e-01 0.00000000e+00 0.00000000e+00 1.25000000e-01
  1.25000000e-01 0.00000000e+00 0.00000000e+00 6.25000000e-02
  0.00000000e+00 6.25000000e-02 6.25000000e-02 0.00000000e+00]
 [2.50000000e-01 0.00000000e+00 0.00000000e+00 2.50000000e-01
  0.00000000e+00 1.25000000e-01 1.25000000e-01 0.00000000e+00
  0.00000000e+00 1.25000000e-01 1.25000000e-01 0.00000000e+00
  9.46392493e-31 0.00000000e+00 0.00000000e+00 4.60402259e-31]
 [0.00000000e+00 5.00000000e-01 5.00000000e-01 0.00000000e+00
  8.39189235e-31 0.00000000e+00 0.00000000e+00 5.24686429e-31
  1.56176439e-30 0.00000000e+00 0.00000000e+00 7.45286343e-31
  0.00000000e+00 1.02456156e-30 8.66140547e-31 0.00000000e+00]
 [1.00000000e+00 0.00000000e+00 0.00000000e+00 1.83957584e-30
  0.00000000e+00 1.30490821e-30 1.78886980e-30 0.00000000e+00
  0.00000000e+00 2.27597709e-30 3.82962407e-30 0.00000000e+00
  7.94615612e-31 0.00000000e+00 0.00000000e+00 3.58957443e-31]
 [0.00000000e+00 2.50000000e-01 5.00000000e-01 0.00000000e+00
  2.50000000e-01 0.00000000e+00 0.00000000e+00 6.90139719e-31
  4.66510355e-30 0.00000000e+00 0.00000000e+00 1.11678709e-30
  0.00000000e+00 1.10726570e-30 6.70866512e-31 0.00000000e+00]
 [2.50000000e-01 0.00000000e+00 0.00000000e+00 1.87500000e-01
  0.00000000e+00 1.25000000e-01 1.87500000e-01 0.00000000e+00
  0.00000000e+00 6.25000000e-02 1.25000000e-01 0.00000000e+00
  6.25000000e-02 0.00000000e+00 0.00000000e+00 9.56024517e-31]
 [0.00000000e+00 1.87500000e-01 1.87500000e-01 0.00000000e+00
  1.87500000e-01 0.00000000e+00 0.00000000e+00 1.25000000e-01
  1.25000000e-01 0.00000000e+00 0.00000000e+00 6.25000000e-02
  0.00000000e+00 6.25000000e-02 6.25000000e-02 0.00000000e+00]
 [3.12500000e-01 0.00000000e+00 0.00000000e+00 6.25000000e-02
  0.00000000e+00 2.50000000e-01 6.25000000e-02 0.00000000e+00
  0.00000000e+00 6.25000000e-02 1.25000000e-01 0.00000000e+00
  6.25000000e-02 0.00000000e+00 0.00000000e+00 6.25000000e-02]
 [0.00000000e+00 2.50000000e-01 1.87500000e-01 0.00000000e+00
  1.25000000e-01 0.00000000e+00 0.00000000e+00 1.25000000e-01
  1.25000000e-01 0.00000000e+00 0.00000000e+00 1.25000000e-01
  0.00000000e+00 6.25000000e-02 8.21117314e-31 0.00000000e+00]
 [3.12500000e-01 0.00000000e+00 0.00000000e+00 6.25000000e-02
  0.00000000e+00 2.50000000e-01 6.25000000e-02 0.00000000e+00
  0.00000000e+00 6.25000000e-02 1.25000000e-01 0.00000000e+00
  6.25000000e-02 0.00000000e+00 0.00000000e+00 6.25000000e-02]
 [0.00000000e+00 6.25000000e-02 6.25000000e-02 0.00000000e+00
  2.50000000e-01 0.00000000e+00 0.00000000e+00 1.87500000e-01
  1.87500000e-01 0.00000000e+00 0.00000000e+00 1.25000000e-01
  0.00000000e+00 6.25000000e-02 6.25000000e-02 0.00000000e+00]
 [6.25000000e-02 0.00000000e+00 0.00000000e+00 6.25000000e-02
  0.00000000e+00 3.75000000e-01 6.25000000e-02 0.00000000e+00
  0.00000000e+00 6.25000000e-02 2.50000000e-01 0.00000000e+00
  6.25000000e-02 0.00000000e+00 0.00000000e+00 6.25000000e-02]
 [0.00000000e+00 1.87500000e-01 6.25000000e-02 0.00000000e+00
  1.87500000e-01 0.00000000e+00 0.00000000e+00 1.25000000e-01
  2.50000000e-01 0.00000000e+00 0.00000000e+00 6.25000000e-02
  0.00000000e+00 6.25000000e-02 6.25000000e-02 0.00000000e+00]
 [1.87500000e-01 0.00000000e+00 0.00000000e+00 1.87500000e-01
  0.00000000e+00 1.25000000e-01 1.25000000e-01 0.00000000e+00
  0.00000000e+00 1.25000000e-01 1.25000000e-01 0.00000000e+00
  6.25000000e-02 0.00000000e+00 0.00000000e+00 6.25000000e-02]
 [0.00000000e+00 3.12500000e-01 3.12500000e-01 0.00000000e+00
  6.25000000e-02 0.00000000e+00 0.00000000e+00 6.25000000e-02
  6.25000000e-02 0.00000000e+00 0.00000000e+00 6.25000000e-02
  0.00000000e+00 6.25000000e-02 6.25000000e-02 0.00000000e+00]
 [6.25000000e-01 0.00000000e+00 0.00000000e+00 3.76152087e-30
  0.00000000e+00 1.25000000e-01 3.32840877e-30 0.00000000e+00
  0.00000000e+00 2.24976349e-30 1.25000000e-01 0.00000000e+00
  1.20240899e-30 0.00000000e+00 0.00000000e+00 1.25000000e-01]
 [0.00000000e+00 1.87500000e-01 3.12500000e-01 0.00000000e+00
  1.87500000e-01 0.00000000e+00 0.00000000e+00 6.25000000e-02
  6.25000000e-02 0.00000000e+00 0.00000000e+00 6.25000000e-02
  0.00000000e+00 6.25000000e-02 6.25000000e-02 0.00000000e+00]
 [1.87500000e-01 0.00000000e+00 0.00000000e+00 1.87500000e-01
  0.00000000e+00 1.25000000e-01 1.25000000e-01 0.00000000e+00
  0.00000000e+00 1.25000000e-01 1.25000000e-01 0.00000000e+00
  6.25000000e-02 0.00000000e+00 0.00000000e+00 6.25000000e-02]
 [0.00000000e+00 3.12500000e-01 2.50000000e-01 0.00000000e+00
  6.25000000e-02 0.00000000e+00 0.00000000e+00 6.25000000e-02
  6.25000000e-02 0.00000000e+00 0.00000000e+00 6.25000000e-02
  0.00000000e+00 1.25000000e-01 6.25000000e-02 0.00000000e+00]
 [5.00000000e-01 0.00000000e+00 0.00000000e+00 6.25000000e-02
  0.00000000e+00 6.25000000e-02 6.25000000e-02 0.00000000e+00
  0.00000000e+00 6.25000000e-02 6.25000000e-02 0.00000000e+00
  6.25000000e-02 0.00000000e+00 0.00000000e+00 1.25000000e-01]
 [0.00000000e+00 1.87500000e-01 3.12500000e-01 0.00000000e+00
  1.25000000e-01 0.00000000e+00 0.00000000e+00 6.25000000e-02
  6.25000000e-02 0.00000000e+00 0.00000000e+00 1.25000000e-01
  0.00000000e+00 6.25000000e-02 6.25000000e-02 0.00000000e+00]
 [3.12500000e-01 0.00000000e+00 0.00000000e+00 6.25000000e-02
  0.00000000e+00 1.25000000e-01 6.25000000e-02 0.00000000e+00
  0.00000000e+00 6.25000000e-02 2.50000000e-01 0.00000000e+00
  6.25000000e-02 0.00000000e+00 0.00000000e+00 6.25000000e-02]
 [0.00000000e+00 1.25000000e-01 1.87500000e-01 0.00000000e+00
  1.25000000e-01 0.00000000e+00 0.00000000e+00 1.25000000e-01
  1.25000000e-01 0.00000000e+00 0.00000000e+00 1.25000000e-01
  0.00000000e+00 6.25000000e-02 1.25000000e-01 0.00000000e+00]
 [2.50000000e-01 0.00000000e+00 0.00000000e+00 6.25000000e-02
  0.00000000e+00 1.87500000e-01 6.25000000e-02 0.00000000e+00
  0.00000000e+00 6.25000000e-02 1.87500000e-01 0.00000000e+00
  6.25000000e-02 0.00000000e+00 0.00000000e+00 1.25000000e-01]
 [0.00000000e+00 1.87500000e-01 1.25000000e-01 0.00000000e+00
  1.87500000e-01 0.00000000e+00 0.00000000e+00 6.25000000e-02
  1.87500000e-01 0.00000000e+00 0.00000000e+00 6.25000000e-02
  0.00000000e+00 1.25000000e-01 6.25000000e-02 0.00000000e+00]
 [1.25000000e-01 0.00000000e+00 0.00000000e+00 1.25000000e-01
  0.00000000e+00 1.25000000e-01 1.25000000e-01 0.00000000e+00
  0.00000000e+00 1.25000000e-01 1.25000000e-01 0.00000000e+00
  1.25000000e-01 0.00000000e+00 0.00000000e+00 1.25000000e-01]
 [0.00000000e+00 1.25000000e-01 1.25000000e-01 0.00000000e+00
  1.25000000e-01 0.00000000e+00 0.00000000e+00 1.25000000e-01
  1.25000000e-01 0.00000000e+00 0.00000000e+00 1.25000000e-01
  0.00000000e+00 1.25000000e-01 1.25000000e-01 0.00000000e+00]
 [2.50000000e-01 0.00000000e+00 0.00000000e+00 3.71020705e-30
  0.00000000e+00 2.50000000e-01 2.94802435e-30 0.00000000e+00
  0.00000000e+00 3.94200886e-30 2.50000000e-01 0.00000000e+00
  4.36221030e-30 0.00000000e+00 0.00000000e+00 2.50000000e-01]
 [0.00000000e+00 1.25000000e-01 1.25000000e-01 0.00000000e+00
  1.25000000e-01 0.00000000e+00 0.00000000e+00 1.25000000e-01
  1.25000000e-01 0.00000000e+00 0.00000000e+00 1.25000000e-01
  0.00000000e+00 1.25000000e-01 1.25000000e-01 0.00000000e+00]
 [1.25000000e-01 0.00000000e+00 0.00000000e+00 1.25000000e-01
  0.00000000e+00 1.25000000e-01 1.25000000e-01 0.00000000e+00
  0.00000000e+00 1.25000000e-01 1.25000000e-01 0.00000000e+00
  1.25000000e-01 0.00000000e+00 0.00000000e+00 1.25000000e-01]
 [0.00000000e+00 1.87500000e-01 1.25000000e-01 0.00000000e+00
  1.87500000e-01 0.00000000e+00 0.00000000e+00 6.25000000e-02
  1.87500000e-01 0.00000000e+00 0.00000000e+00 6.25000000e-02
  0.00000000e+00 1.25000000e-01 6.25000000e-02 0.00000000e+00]
 [2.50000000e-01 0.00000000e+00 0.00000000e+00 6.25000000e-02
  0.00000000e+00 1.87500000e-01 6.25000000e-02 0.00000000e+00
  0.00000000e+00 6.25000000e-02 1.87500000e-01 0.00000000e+00
  6.25000000e-02 0.00000000e+00 0.00000000e+00 1.25000000e-01]
 [0.00000000e+00 1.25000000e-01 1.87500000e-01 0.00000000e+00
  1.25000000e-01 0.00000000e+00 0.00000000e+00 1.25000000e-01
  1.25000000e-01 0.00000000e+00 0.00000000e+00 1.25000000e-01
  0.00000000e+00 6.25000000e-02 1.25000000e-01 0.00000000e+00]
 [3.12500000e-01 0.00000000e+00 0.00000000e+00 6.25000000e-02
  0.00000000e+00 1.25000000e-01 6.25000000e-02 0.00000000e+00
  0.00000000e+00 6.25000000e-02 2.50000000e-01 0.00000000e+00
  6.25000000e-02 0.00000000e+00 0.00000000e+00 6.25000000e-02]
 [0.00000000e+00 2.50000000e-01 3.12500000e-01 0.00000000e+00
  6.25000000e-02 0.00000000e+00 0.00000000e+00 6.25000000e-02
  6.25000000e-02 0.00000000e+00 0.00000000e+00 6.25000000e-02
  0.00000000e+00 6.25000000e-02 1.25000000e-01 0.00000000e+00]
 [5.00000000e-01 0.00000000e+00 0.00000000e+00 6.25000000e-02
  0.00000000e+00 6.25000000e-02 6.25000000e-02 0.00000000e+00
  0.00000000e+00 6.25000000e-02 6.25000000e-02 0.00000000e+00
  6.25000000e-02 0.00000000e+00 0.00000000e+00 1.25000000e-01]
 [0.00000000e+00 1.87500000e-01 2.50000000e-01 0.00000000e+00
  1.87500000e-01 0.00000000e+00 0.00000000e+00 6.25000000e-02
  6.25000000e-02 0.00000000e+00 0.00000000e+00 6.25000000e-02
  0.00000000e+00 1.25000000e-01 6.25000000e-02 0.00000000e+00]
 [1.87500000e-01 0.00000000e+00 0.00000000e+00 1.87500000e-01
  0.00000000e+00 1.25000000e-01 1.25000000e-01 0.00000000e+00
  0.00000000e+00 1.25000000e-01 1.25000000e-01 0.00000000e+00
  6.25000000e-02 0.00000000e+00 0.00000000e+00 6.25000000e-02]
 [0.00000000e+00 3.12500000e-01 3.12500000e-01 0.00000000e+00
  6.25000000e-02 0.00000000e+00 0.00000000e+00 6.25000000e-02
  6.25000000e-02 0.00000000e+00 0.00000000e+00 6.25000000e-02
  0.00000000e+00 6.25000000e-02 6.25000000e-02 0.00000000e+00]
 [6.25000000e-01 0.00000000e+00 0.00000000e+00 3.68173251e-30
  0.00000000e+00 1.25000000e-01 3.23502606e-30 0.00000000e+00
  0.00000000e+00 7.67641682e-30 1.25000000e-01 0.00000000e+00
  5.87059724e-30 0.00000000e+00 0.00000000e+00 1.25000000e-01]
 [0.00000000e+00 1.87500000e-01 3.12500000e-01 0.00000000e+00
  1.87500000e-01 0.00000000e+00 0.00000000e+00 6.25000000e-02
  6.25000000e-02 0.00000000e+00 0.00000000e+00 6.25000000e-02
  0.00000000e+00 6.25000000e-02 6.25000000e-02 0.00000000e+00]
 [1.87500000e-01 0.00000000e+00 0.00000000e+00 1.25000000e-01
  0.00000000e+00 1.25000000e-01 1.87500000e-01 0.00000000e+00
  0.00000000e+00 6.25000000e-02 1.25000000e-01 0.00000000e+00
  1.25000000e-01 0.00000000e+00 0.00000000e+00 6.25000000e-02]
 [0.00000000e+00 6.25000000e-02 6.25000000e-02 0.00000000e+00
  3.12500000e-01 0.00000000e+00 0.00000000e+00 1.25000000e-01
  2.50000000e-01 0.00000000e+00 0.00000000e+00 6.25000000e-02
  0.00000000e+00 6.25000000e-02 6.25000000e-02 0.00000000e+00]
 [6.25000000e-02 0.00000000e+00 0.00000000e+00 6.25000000e-02
  0.00000000e+00 3.75000000e-01 6.25000000e-02 0.00000000e+00
  0.00000000e+00 6.25000000e-02 2.50000000e-01 0.00000000e+00
  6.25000000e-02 0.00000000e+00 0.00000000e+00 6.25000000e-02]
 [0.00000000e+00 1.87500000e-01 6.25000000e-02 0.00000000e+00
  1.25000000e-01 0.00000000e+00 0.00000000e+00 1.87500000e-01
  1.87500000e-01 0.00000000e+00 0.00000000e+00 1.25000000e-01
  0.00000000e+00 6.25000000e-02 6.25000000e-02 0.00000000e+00]
 [3.12500000e-01 0.00000000e+00 0.00000000e+00 6.25000000e-02
  0.00000000e+00 2.50000000e-01 6.25000000e-02 0.00000000e+00
  0.00000000e+00 6.25000000e-02 1.25000000e-01 0.00000000e+00
  6.25000000e-02 0.00000000e+00 0.00000000e+00 6.25000000e-02]
 [0.00000000e+00 1.87500000e-01 1.87500000e-01 0.00000000e+00
  1.87500000e-01 0.00000000e+00 0.00000000e+00 1.25000000e-01
  1.25000000e-01 0.00000000e+00 0.00000000e+00 6.25000000e-02
  0.00000000e+00 6.25000000e-02 6.25000000e-02 0.00000000e+00]
 [3.12500000e-01 0.00000000e+00 0.00000000e+00 6.25000000e-02
  0.00000000e+00 2.50000000e-01 6.25000000e-02 0.00000000e+00
  0.00000000e+00 6.25000000e-02 1.25000000e-01 0.00000000e+00
  6.25000000e-02 0.00000000e+00 0.00000000e+00 6.25000000e-02]
 [0.00000000e+00 1.87500000e-01 1.87500000e-01 0.00000000e+00
  1.87500000e-01 0.00000000e+00 0.00000000e+00 1.25000000e-01
  1.25000000e-01 0.00000000e+00 0.00000000e+00 6.25000000e-02
  0.00000000e+00 6.25000000e-02 6.25000000e-02 0.00000000e+00]
 [2.50000000e-01 0.00000000e+00 0.00000000e+00 2.50000000e-01
  0.00000000e+00 1.25000000e-01 1.25000000e-01 0.00000000e+00
  0.00000000e+00 1.25000000e-01 1.25000000e-01 0.00000000e+00
  3.70940585e-30 0.00000000e+00 0.00000000e+00 1.98733679e-30]
 [0.00000000e+00 5.00000000e-01 5.00000000e-01 0.00000000e+00
  3.52017159e-30 0.00000000e+00 0.00000000e+00 1.99036339e-30
  6.78431586e-30 0.00000000e+00 0.00000000e+00 3.37581476e-30
  0.00000000e+00 4.04890341e-30 3.34143039e-30 0.00000000e+00]
 [1.00000000e+00 0.00000000e+00 0.00000000e+00 7.78124512e-30
  0.00000000e+00 4.95323410e-30 7.34761144e-30 0.00000000e+00
  0.00000000e+00 8.32912659e-30 1.53658158e-29 0.00000000e+00
  2.94409387e-30 0.00000000e+00 0.00000000e+00 1.70233715e-30]
 [0.00000000e+00 2.50000000e-01 5.00000000e-01 0.00000000e+00
  2.50000000e-01 0.00000000e+00 0.00000000e+00 2.98198633e-30
  1.77943617e-29 0.00000000e+00 0.00000000e+00 4.44705064e-30
  0.00000000e+00 4.63220128e-30 2.77819053e-30 0.00000000e+00]
 [2.50000000e-01 0.00000000e+00 0.00000000e+00 1.87500000e-01
  0.00000000e+00 1.25000000e-01 1.87500000e-01 0.00000000e+00
  0.00000000e+00 6.25000000e-02 1.25000000e-01 0.00000000e+00
  6.25000000e-02 0.00000000e+00 0.00000000e+00 3.93254416e-30]
 [0.00000000e+00 1.87500000e-01 1.87500000e-01 0.00000000e+00
  1.87500000e-01 0.00000000e+00 0.00000000e+00 1.25000000e-01
  1.25000000e-01 0.00000000e+00 0.00000000e+00 6.25000000e-02
  0.00000000e+00 6.25000000e-02 6.25000000e-02 0.00000000e+00]
 [3.12500000e-01 0.00000000e+00 0.00000000e+00 6.25000000e-02
  0.00000000e+00 2.50000000e-01 6.25000000e-02 0.00000000e+00
  0.00000000e+00 6.25000000e-02 1.25000000e-01 0.00000000e+00
  6.25000000e-02 0.00000000e+00 0.00000000e+00 6.25000000e-02]]