[8.19679816e-01 3.85275875e-01 2.33853587e-01 1.25000000e-01
 7.63278329e-17 2.79508497e-01 3.06186218e-01 1.76776695e-01
 3.42326598e-01 3.64434493e-01 5.15388203e-01 1.76776695e-01
 5.15388203e-01 1.97642354e-01 3.64434493e-01 1.76776695e-01
 2.79508497e-01 1.76776695e-01 1.25000000e-01 1.76776695e-01
 1.97642354e-01 1.53093109e-01 3.53553391e-01 2.39165464e-16
 3.53553391e-01 1.53093109e-01 1.97642354e-01 1.76776695e-01
 1.25000000e-01 2.16506351e-01 2.79508497e-01 1.76776695e-01
 3.64434493e-01 1.97642354e-01 5.15388203e-01 1.76776695e-01
 5.15388203e-01 3.64434493e-01 3.42326598e-01 2.50000000e-01
 3.06186218e-01 1.76776695e-01 6.33646783e-16 6.42737873e-16
 2.65165043e-01 5.22912517e-01 8.29156198e-01 3.53553391e-01
 8.19679816e-01 3.85275875e-01 2.33853587e-01 1.25000000e-01
 7.05757488e-16 2.79508497e-01 3.06186218e-01 1.76776695e-01
 3.42326598e-01 3.64434493e-01 5.15388203e-01 1.76776695e-01
 5.15388203e-01 1.97642354e-01 3.64434493e-01 1.76776695e-01
 2.79508497e-01 1.76776695e-01 1.25000000e-01 1.76776695e-01
 1.97642354e-01 1.53093109e-01 3.53553391e-01 8.03714441e-16
 3.53553391e-01 1.53093109e-01 1.97642354e-01 1.76776695e-01
 1.25000000e-01 2.16506351e-01 2.79508497e-01 1.76776695e-01
 3.64434493e-01 1.97642354e-01 5.15388203e-01 1.76776695e-01
 5.15388203e-01 3.64434493e-01 3.42326598e-01 2.50000000e-01
 3.06186218e-01 1.76776695e-01 1.23256711e-15 1.18460150e-15
 2.65165043e-01 5.22912517e-01 8.29156198e-01 3.53553391e-01
 8.19679816e-01 3.85275875e-01 2.33853587e-01]