[0.81009259 0.44960921 0.19994506 0.18383254 0.1432263  0.20079921
 0.30120588 0.28434073 0.14784506 0.25357328 0.18067444 0.22121859
 0.3209696  0.22573706 0.2138545  0.23834459 0.13698958 0.20395868
 0.21235571 0.15861412 0.23619122 0.29581619 0.20399869 0.20779178
 0.17650136 0.19010201 0.24954535 0.15184223 0.22160586 0.26008349
 0.26800043 0.33410595 0.2078808  0.22753485 0.19262848 0.12216799
 0.13321878 0.26963914 0.20733028 0.2774385  0.2668156  0.14746855
 0.19073571 0.25339249 0.19925793 0.30220574 0.26569053 0.14291465
 0.26235326 0.22404593 0.27606261 0.37462166 0.21603616 0.31004174
 0.32277775 0.22638616 0.24733338 0.27015965 0.38358262 0.16406878
 0.31472621 0.17583052 0.12308398 0.20062816 0.14231122 0.14351594
 0.25675208 0.22942206 0.19545949 0.18306769 0.15536582 0.16568443
 0.19692579 0.23534112 0.19168817 0.25569046 0.21512605 0.26213285
 0.2792656  0.36950995 0.38486113 0.22559277 0.29271387 0.09959544
 0.20997476 0.25105988 0.28893977 0.25599214 0.25897446 0.11750322
 0.20103438 0.24082396 0.19128086 0.20253324 0.22889764 0.12948811
 0.31522305 0.29840349 0.15283266]