[0.81967982 0.48412292 0.25       0.12884705 0.2576941  0.18879759
 0.39404751 0.19963957 0.45540911 0.29048426 0.33484561 0.18852463
 0.35436169 0.19441689 0.41147945 0.20260142 0.37971771 0.25727673
 0.16170073 0.10966542 0.23545405 0.28050049 0.41447646 0.39183859
 0.49393978 0.34321729 0.23381531 0.21168861 0.22968087 0.16666735
 0.21544599 0.10668094 0.31218261 0.15081582 0.36282098 0.1360935
 0.3159141  0.26752168 0.26389174 0.10798739 0.28166094 0.18040768
 0.18843525 0.13892374 0.19321312 0.28084403 0.40042881 0.13588192
 0.53259507 0.20289674 0.29701619 0.09606885 0.23221908 0.14259042
 0.2598896  0.0983394  0.37967549 0.21839407 0.32793708 0.24310904
 0.34589592 0.32683002 0.43396009 0.10646652 0.30152653 0.08505822
 0.2759099  0.20573921 0.34872015 0.21763638 0.40933691 0.2892906
 0.39364711 0.21550505 0.20659949 0.1377481  0.2754179  0.27348361
 0.34370828 0.08977588 0.29426892 0.11147901 0.32756292 0.13954322
 0.43520507 0.40850213 0.34287948 0.19047685 0.36057454 0.24120627
 0.25814007 0.17070171 0.24389733 0.27209791 0.25094492 0.14565551
 0.38711841 0.22049372 0.12635908]