[[0.00000000e+00 0.00000000e+00 0.00000000e+00 0.00000000e+00
  0.00000000e+00 0.00000000e+00 0.00000000e+00 0.00000000e+00
  1.00000000e+00 0.00000000e+00 0.00000000e+00 0.00000000e+00
  0.00000000e+00 0.00000000e+00 0.00000000e+00 0.00000000e+00]
 [0.00000000e+00 0.00000000e+00 0.00000000e+00 0.00000000e+00
  5.00000000e-01 0.00000000e+00 0.00000000e+00 0.00000000e+00
  0.00000000e+00 4.21807439e-33 0.00000000e+00 2.50000000e-01
  2.50000000e-01 0.00000000e+00 0.00000000e+00 0.00000000e+00]
 [1.87500000e-01 0.00000000e+00 0.00000000e+00 0.00000000e+00
  0.00000000e+00 1.25000000e-01 0.00000000e+00 1.87500000e-01
  2.50000000e-01 0.00000000e+00 6.25000000e-02 0.00000000e+00
  0.00000000e+00 6.25000000e-02 0.00000000e+00 1.25000000e-01]
 [0.00000000e+00 1.25000000e-01 0.00000000e+00 1.87500000e-01
  1.25000000e-01 0.00000000e+00 6.25000000e-02 0.00000000e+00
  0.00000000e+00 1.25000000e-01 0.00000000e+00 1.87500000e-01
  1.25000000e-01 0.00000000e+00 6.25000000e-02 0.00000000e+00]
 [1.79807801e-32 0.00000000e+00 1.25000000e-01 0.00000000e+00
  0.00000000e+00 1.25000000e-01 0.00000000e+00 2.50000000e-01
  2.50000000e-01 0.00000000e+00 1.50770104e-32 0.00000000e+00
  0.00000000e+00 1.25000000e-01 0.00000000e+00 1.25000000e-01]
 [0.00000000e+00 1.40625000e-01 0.00000000e+00 1.87500000e-01
  1.25000000e-01 0.00000000e+00 1.09375000e-01 0.00000000e+00
  0.00000000e+00 6.25000000e-02 0.00000000e+00 2.03125000e-01
  4.68750000e-02 0.00000000e+00 1.25000000e-01 0.00000000e+00]
 [7.81250000e-02 0.00000000e+00 1.09375000e-01 0.00000000e+00
  0.00000000e+00 1.40625000e-01 0.00000000e+00 1.40625000e-01
  1.09375000e-01 0.00000000e+00 1.40625000e-01 0.00000000e+00
  0.00000000e+00 7.81250000e-02 0.00000000e+00 2.03125000e-01]
 [0.00000000e+00 8.59375000e-02 0.00000000e+00 2.42187500e-01
  7.03125000e-02 0.00000000e+00 3.90625000e-02 0.00000000e+00
  0.00000000e+00 1.79687500e-01 0.00000000e+00 2.73437500e-01
  3.90625000e-02 0.00000000e+00 7.03125000e-02 0.00000000e+00]
 [3.12500000e-02 0.00000000e+00 7.81250000e-02 0.00000000e+00
  0.00000000e+00 6.25000000e-02 0.00000000e+00 4.53125000e-01
  7.81250000e-02 0.00000000e+00 3.12500000e-02 0.00000000e+00
  0.00000000e+00 2.03125000e-01 0.00000000e+00 6.25000000e-02]
 [0.00000000e+00 8.98437500e-02 0.00000000e+00 2.18750000e-01
  6.25000000e-02 0.00000000e+00 1.91406250e-01 0.00000000e+00
  0.00000000e+00 1.56250000e-01 0.00000000e+00 1.52343750e-01
  6.64062500e-02 0.00000000e+00 6.25000000e-02 0.00000000e+00]
 [5.07812500e-02 0.00000000e+00 2.38281250e-01 0.00000000e+00
  0.00000000e+00 1.28906250e-01 0.00000000e+00 8.20312500e-02
  1.13281250e-01 0.00000000e+00 1.13281250e-01 0.00000000e+00
  0.00000000e+00 8.20312500e-02 0.00000000e+00 1.91406250e-01]
 [0.00000000e+00 3.71093750e-02 0.00000000e+00 5.27343750e-02
  4.88281250e-02 0.00000000e+00 2.05078125e-01 0.00000000e+00
  0.00000000e+00 1.30859375e-01 0.00000000e+00 2.08984375e-01
  3.32031250e-02 0.00000000e+00 2.83203125e-01 0.00000000e+00]
 [3.12500000e-02 0.00000000e+00 4.57031250e-01 0.00000000e+00
  0.00000000e+00 3.90625000e-02 0.00000000e+00 2.22656250e-01
  5.07812500e-02 0.00000000e+00 3.12500000e-02 0.00000000e+00
  0.00000000e+00 1.28906250e-01 0.00000000e+00 3.90625000e-02]
 [0.00000000e+00 1.35742188e-01 0.00000000e+00 1.25000000e-01
  4.68750000e-02 0.00000000e+00 2.08007813e-01 0.00000000e+00
  0.00000000e+00 6.25000000e-02 0.00000000e+00 8.88671875e-02
  6.73828125e-02 0.00000000e+00 2.65625000e-01 0.00000000e+00]
 [8.49609375e-02 0.00000000e+00 2.09960938e-01 0.00000000e+00
  0.00000000e+00 1.12304687e-01 0.00000000e+00 1.00585938e-01
  5.37109375e-02 0.00000000e+00 1.16210938e-01 0.00000000e+00
  0.00000000e+00 1.00585938e-01 0.00000000e+00 2.21679688e-01]
 [0.00000000e+00 4.24804687e-02 0.00000000e+00 6.39648437e-02
  7.08007812e-02 0.00000000e+00 2.13378906e-01 0.00000000e+00
  0.00000000e+00 6.39648437e-02 0.00000000e+00 4.24804687e-02
  8.83789062e-02 0.00000000e+00 4.14550781e-01 0.00000000e+00]
 [5.66406250e-02 0.00000000e+00 5.71289063e-01 0.00000000e+00
  0.00000000e+00 8.20312500e-02 0.00000000e+00 2.44140625e-02
  1.02539062e-01 0.00000000e+00 5.66406250e-02 0.00000000e+00
  0.00000000e+00 2.44140625e-02 0.00000000e+00 8.20312500e-02]
 [0.00000000e+00 2.03857422e-01 0.00000000e+00 4.98046875e-02
  8.30078125e-02 0.00000000e+00 1.63330078e-01 0.00000000e+00
  0.00000000e+00 4.98046875e-02 0.00000000e+00 7.88574219e-02
  5.39550781e-02 0.00000000e+00 3.17382813e-01 0.00000000e+00]
 [7.25097656e-02 0.00000000e+00 2.38525391e-01 0.00000000e+00
  0.00000000e+00 1.39892578e-01 0.00000000e+00 8.03222656e-02
  9.79003906e-02 0.00000000e+00 1.58447266e-01 0.00000000e+00
  0.00000000e+00 1.50634766e-01 0.00000000e+00 6.17675781e-02]
 [0.00000000e+00 1.07299805e-01 0.00000000e+00 1.25854492e-01
  8.16650391e-02 0.00000000e+00 1.53930664e-01 0.00000000e+00
  0.00000000e+00 2.00073242e-01 0.00000000e+00 1.26831055e-01
  4.84619141e-02 0.00000000e+00 1.55883789e-01 0.00000000e+00]
 [3.90625000e-02 0.00000000e+00 2.70751953e-01 0.00000000e+00
  0.00000000e+00 1.07910156e-01 0.00000000e+00 1.44775391e-01
  9.10644531e-02 0.00000000e+00 3.90625000e-02 0.00000000e+00
  0.00000000e+00 1.99462891e-01 0.00000000e+00 1.07910156e-01]
 [0.00000000e+00 1.84509277e-01 0.00000000e+00 1.03759766e-01
  5.63964844e-02 0.00000000e+00 1.12365723e-01 0.00000000e+00
  0.00000000e+00 1.58447266e-01 0.00000000e+00 1.25915527e-01
  7.72094727e-02 0.00000000e+00 1.81396484e-01 0.00000000e+00]
 [6.21948242e-02 0.00000000e+00 1.55944824e-01 0.00000000e+00
  0.00000000e+00 2.29431152e-01 0.00000000e+00 5.04760742e-02
  1.09069824e-01 0.00000000e+00 9.73510742e-02 0.00000000e+00
  0.00000000e+00 1.09069824e-01 0.00000000e+00 1.86462402e-01]
 [0.00000000e+00 3.62518311e-01 0.00000000e+00 2.40081787e-01
  5.44738770e-02 0.00000000e+00 2.65197754e-02 0.00000000e+00
  0.00000000e+00 1.58050537e-01 0.00000000e+00 7.73620605e-02
  2.65197754e-02 0.00000000e+00 5.44738770e-02 0.00000000e+00]
 [4.89501953e-02 0.00000000e+00 3.20434570e-02 0.00000000e+00
  0.00000000e+00 1.00830078e-01 0.00000000e+00 2.16613770e-01
  3.20434570e-02 0.00000000e+00 4.89501953e-02 0.00000000e+00
  0.00000000e+00 4.19738770e-01 0.00000000e+00 1.00830078e-01]
 [0.00000000e+00 7.87200928e-02 0.00000000e+00 7.36083984e-02
  8.45947266e-02 0.00000000e+00 7.94830322e-02 0.00000000e+00
  0.00000000e+00 2.57202148e-01 0.00000000e+00 1.60751343e-01
  1.81045532e-01 0.00000000e+00 8.45947266e-02 0.00000000e+00]
 [7.68585205e-02 0.00000000e+00 8.21075439e-02 0.00000000e+00
  0.00000000e+00 1.84097290e-01 0.00000000e+00 9.44366455e-02
  3.24295044e-01 0.00000000e+00 7.29522705e-02 0.00000000e+00
  0.00000000e+00 5.53741455e-02 0.00000000e+00 1.09878540e-01]
 [0.00000000e+00 6.17599487e-02 0.00000000e+00 7.00607300e-02
  3.69911194e-01 0.00000000e+00 6.66275024e-02 0.00000000e+00
  0.00000000e+00 9.05685425e-02 0.00000000e+00 8.03146362e-02
  1.49635315e-01 0.00000000e+00 1.11122131e-01 0.00000000e+00]
 [1.30981445e-01 0.00000000e+00 4.67681885e-02 0.00000000e+00
  0.00000000e+00 1.89514160e-02 0.00000000e+00 1.31423950e-01
  3.88565063e-01 0.00000000e+00 1.30981445e-01 0.00000000e+00
  0.00000000e+00 1.33377075e-01 0.00000000e+00 1.89514160e-02]
 [0.00000000e+00 9.15336609e-02 0.00000000e+00 1.44500732e-01
  2.06085205e-01 0.00000000e+00 6.66694641e-02 0.00000000e+00
  0.00000000e+00 1.01531982e-01 0.00000000e+00 1.12041473e-01
  2.29755402e-01 0.00000000e+00 4.78820801e-02 0.00000000e+00]
 [9.69810486e-02 0.00000000e+00 1.26155853e-01 0.00000000e+00
  0.00000000e+00 1.44237518e-01 0.00000000e+00 1.01863861e-01
  2.37483978e-01 0.00000000e+00 1.06746674e-01 0.00000000e+00
  0.00000000e+00 1.01863861e-01 0.00000000e+00 8.46672058e-02]
 [0.00000000e+00 1.27912521e-01 0.00000000e+00 7.89546967e-02
  1.95436478e-01 0.00000000e+00 1.57266617e-01 0.00000000e+00
  0.00000000e+00 7.89546967e-02 0.00000000e+00 1.27912521e-01
  1.29922867e-01 0.00000000e+00 1.03639603e-01 0.00000000e+00]
 [3.34243774e-02 0.00000000e+00 2.27481842e-01 0.00000000e+00
  0.00000000e+00 1.83731079e-01 0.00000000e+00 2.31361389e-02
  2.91934967e-01 0.00000000e+00 3.34243774e-02 0.00000000e+00
  0.00000000e+00 2.31361389e-02 0.00000000e+00 1.83731079e-01]
 [0.00000000e+00 1.43641472e-01 0.00000000e+00 8.97102356e-02
  1.76403046e-01 0.00000000e+00 9.02452469e-02 0.00000000e+00
  0.00000000e+00 8.97102356e-02 0.00000000e+00 1.78797722e-01
  8.73155594e-02 0.00000000e+00 1.44176483e-01 0.00000000e+00]
 [1.70105934e-01 0.00000000e+00 1.49743080e-01 0.00000000e+00
  0.00000000e+00 1.36509895e-01 0.00000000e+00 1.27625465e-01
  6.28290176e-02 0.00000000e+00 6.02426529e-02 0.00000000e+00
  0.00000000e+00 1.02723122e-01 0.00000000e+00 1.90220833e-01]
 [0.00000000e+00 1.18865490e-01 0.00000000e+00 1.09012127e-01
  1.90550327e-01 0.00000000e+00 4.25095558e-02 0.00000000e+00
  0.00000000e+00 1.27322674e-01 0.00000000e+00 1.47429943e-01
  1.94120884e-01 0.00000000e+00 7.01889992e-02 0.00000000e+00]
 [1.26953125e-02 0.00000000e+00 1.00003242e-01 0.00000000e+00
  0.00000000e+00 1.17105484e-01 0.00000000e+00 1.39336586e-01
  3.71975899e-01 0.00000000e+00 1.26953125e-02 0.00000000e+00
  0.00000000e+00 1.29082680e-01 0.00000000e+00 1.17105484e-01]
 [0.00000000e+00 1.72857046e-01 0.00000000e+00 8.90111923e-02
  2.73537636e-01 0.00000000e+00 7.71429539e-02 0.00000000e+00
  0.00000000e+00 7.87572861e-02 0.00000000e+00 1.16460562e-01
  1.33539438e-01 0.00000000e+00 5.86938858e-02 0.00000000e+00]
 [1.97312117e-01 0.00000000e+00 1.79527998e-01 0.00000000e+00
  0.00000000e+00 1.09075308e-01 0.00000000e+00 1.40915632e-01
  1.34606123e-01 0.00000000e+00 4.91187572e-02 0.00000000e+00
  0.00000000e+00 1.05515242e-01 0.00000000e+00 8.39288235e-02]
 [0.00000000e+00 1.65352702e-01 0.00000000e+00 1.77785277e-01
  7.20301867e-02 0.00000000e+00 6.50564432e-02 0.00000000e+00
  0.00000000e+00 1.87306762e-01 0.00000000e+00 1.95381999e-01
  6.50564432e-02 0.00000000e+00 7.20301867e-02 0.00000000e+00]
 [8.19554329e-02 0.00000000e+00 5.51311970e-02 0.00000000e+00
  0.00000000e+00 1.12130165e-01 0.00000000e+00 2.61037111e-01
  5.51311970e-02 0.00000000e+00 8.19554329e-02 0.00000000e+00
  0.00000000e+00 2.40529299e-01 0.00000000e+00 1.12130165e-01]
 [0.00000000e+00 1.36800706e-01 0.00000000e+00 1.84953690e-01
  7.49340057e-02 0.00000000e+00 1.23086989e-01 0.00000000e+00
  0.00000000e+00 1.65178299e-01 0.00000000e+00 1.27279222e-01
  1.12833083e-01 0.00000000e+00 7.49340057e-02 0.00000000e+00]
 [1.48263276e-01 0.00000000e+00 1.59525692e-01 0.00000000e+00
  0.00000000e+00 6.33569360e-02 0.00000000e+00 9.76040959e-02
  1.51224911e-01 0.00000000e+00 6.15933537e-02 0.00000000e+00
  0.00000000e+00 1.12252533e-01 0.00000000e+00 2.06179202e-01]
 [0.00000000e+00 8.84046257e-02 0.00000000e+00 7.90590942e-02
  1.13295227e-01 0.00000000e+00 9.16775763e-02 0.00000000e+00
  0.00000000e+00 1.12567395e-01 0.00000000e+00 1.83802575e-01
  1.96474940e-01 0.00000000e+00 1.34718567e-01 0.00000000e+00]
 [6.38318062e-02 0.00000000e+00 1.62564337e-01 0.00000000e+00
  0.00000000e+00 9.14903879e-02 0.00000000e+00 1.71371281e-01
  2.45938361e-01 0.00000000e+00 6.38318062e-02 0.00000000e+00
  0.00000000e+00 1.09481633e-01 0.00000000e+00 9.14903879e-02]
 [0.00000000e+00 8.44402760e-02 0.00000000e+00 1.34786844e-01
  1.35904074e-01 0.00000000e+00 1.42000154e-01 0.00000000e+00
  0.00000000e+00 1.29659891e-01 0.00000000e+00 1.84843108e-01
  8.87164623e-02 0.00000000e+00 9.96491909e-02 0.00000000e+00]
 [1.26436800e-02 0.00000000e+00 1.90708503e-01 0.00000000e+00
  0.00000000e+00 1.31141588e-01 0.00000000e+00 9.52242464e-02
  1.46641120e-01 0.00000000e+00 1.77804813e-01 0.00000000e+00
  0.00000000e+00 9.52242464e-02 0.00000000e+00 1.50611803e-01]
 [0.00000000e+00 1.23503856e-01 0.00000000e+00 2.82514319e-02
  6.43512085e-02 0.00000000e+00 2.64423288e-01 0.00000000e+00
  0.00000000e+00 2.82514319e-02 0.00000000e+00 1.23503856e-01
  8.96186009e-02 0.00000000e+00 2.78096326e-01 0.00000000e+00]
 [2.41079926e-03 0.00000000e+00 5.40108815e-01 0.00000000e+00
  0.00000000e+00 1.02795422e-01 0.00000000e+00 4.89598662e-02
  1.51559010e-01 0.00000000e+00 2.41079926e-03 0.00000000e+00
  0.00000000e+00 4.89598662e-02 0.00000000e+00 1.02795422e-01]
 [0.00000000e+00 1.76663112e-01 0.00000000e+00 5.51894754e-02
  9.76730734e-02 0.00000000e+00 1.70474339e-01 0.00000000e+00
  0.00000000e+00 5.51894754e-02 0.00000000e+00 1.26858424e-01
  2.60041244e-02 0.00000000e+00 2.91947976e-01 0.00000000e+00]
 [3.64872552e-02 0.00000000e+00 8.30621757e-02 0.00000000e+00
  0.00000000e+00 1.49718929e-01 0.00000000e+00 8.09513666e-02
  8.83722343e-02 0.00000000e+00 2.17731152e-01 0.00000000e+00
  0.00000000e+00 1.73267040e-01 0.00000000e+00 1.70409847e-01]
 [0.00000000e+00 1.65491460e-01 0.00000000e+00 1.63152141e-01
  5.44558410e-02 0.00000000e+00 1.71710128e-01 0.00000000e+00
  0.00000000e+00 1.05580730e-01 0.00000000e+00 1.50431035e-01
  5.14250938e-02 0.00000000e+00 1.37753570e-01 0.00000000e+00]
 [2.65737772e-02 0.00000000e+00 2.82889921e-01 0.00000000e+00
  0.00000000e+00 1.38997413e-01 0.00000000e+00 1.74585763e-01
  7.93071575e-02 0.00000000e+00 2.65737772e-02 0.00000000e+00
  0.00000000e+00 1.32074777e-01 0.00000000e+00 1.38997413e-01]
 [0.00000000e+00 1.57768845e-01 0.00000000e+00 1.25091929e-01
  1.14913564e-01 0.00000000e+00 1.47712112e-01 0.00000000e+00
  0.00000000e+00 8.25809427e-02 0.00000000e+00 1.20674728e-01
  7.38443146e-02 0.00000000e+00 1.77413564e-01 0.00000000e+00]
 [1.01877551e-01 0.00000000e+00 1.49101327e-01 0.00000000e+00
  0.00000000e+00 1.05555742e-01 0.00000000e+00 1.20264391e-01
  1.88591073e-01 0.00000000e+00 1.33020739e-01 0.00000000e+00
  0.00000000e+00 1.14633898e-01 0.00000000e+00 8.69552782e-02]
 [0.00000000e+00 1.18475008e-01 0.00000000e+00 1.08095986e-01
  9.45261237e-02 0.00000000e+00 1.37627857e-01 0.00000000e+00
  0.00000000e+00 1.62340981e-01 0.00000000e+00 1.46780062e-01
  1.37627857e-01 0.00000000e+00 9.45261237e-02 0.00000000e+00]
 [5.82826454e-02 0.00000000e+00 1.73871336e-01 0.00000000e+00
  0.00000000e+00 5.40306047e-03 0.00000000e+00 2.49472988e-01
  1.73871336e-01 0.00000000e+00 5.82826454e-02 0.00000000e+00
  0.00000000e+00 2.75412929e-01 0.00000000e+00 5.40306047e-03]
 [0.00000000e+00 1.59316262e-01 0.00000000e+00 1.76240215e-01
  9.43972971e-02 0.00000000e+00 1.11321250e-01 0.00000000e+00
  0.00000000e+00 1.34965191e-01 0.00000000e+00 1.05071267e-01
  1.24291221e-01 0.00000000e+00 9.43972971e-02 0.00000000e+00]
 [7.37857216e-02 0.00000000e+00 1.94630464e-01 0.00000000e+00
  0.00000000e+00 2.40371030e-01 0.00000000e+00 7.78827064e-02
  1.24775728e-01 0.00000000e+00 8.00570839e-02 0.00000000e+00
  0.00000000e+00 7.59600990e-02 0.00000000e+00 1.32537168e-01]
 [0.00000000e+00 3.50803416e-01 0.00000000e+00 1.62747376e-01
  6.08417547e-02 0.00000000e+00 1.28877412e-01 0.00000000e+00
  0.00000000e+00 5.28421326e-02 0.00000000e+00 7.72552899e-02
  8.18383802e-02 0.00000000e+00 8.47942388e-02 0.00000000e+00]
 [1.47511531e-02 0.00000000e+00 1.98920498e-01 0.00000000e+00
  0.00000000e+00 7.70889358e-02 0.00000000e+00 1.62913730e-01
  1.27928982e-01 0.00000000e+00 1.47511531e-02 0.00000000e+00
  0.00000000e+00 3.26556613e-01 0.00000000e+00 7.70889358e-02]
 [0.00000000e+00 1.76642463e-01 0.00000000e+00 1.09545088e-01
  7.16034411e-02 0.00000000e+00 6.80856251e-02 0.00000000e+00
  0.00000000e+00 1.65712690e-01 0.00000000e+00 1.18556068e-01
  1.36715844e-01 0.00000000e+00 1.53138781e-01 0.00000000e+00]
 [1.02314377e-01 0.00000000e+00 1.20402306e-01 0.00000000e+00
  0.00000000e+00 2.35590201e-01 0.00000000e+00 8.01471713e-02
  1.41070336e-01 0.00000000e+00 5.79799655e-02 0.00000000e+00
  0.00000000e+00 8.01471713e-02 0.00000000e+00 1.82348471e-01]
 [0.00000000e+00 7.23980905e-02 0.00000000e+00 4.93797442e-02
  3.34941967e-01 0.00000000e+00 9.65219277e-02 0.00000000e+00
  0.00000000e+00 4.93797442e-02 0.00000000e+00 7.23980905e-02
  2.08567216e-01 0.00000000e+00 1.16413220e-01 0.00000000e+00]
 [5.15667122e-02 0.00000000e+00 1.61368435e-01 0.00000000e+00
  0.00000000e+00 3.65646409e-02 0.00000000e+00 8.52131937e-02
  4.91942471e-01 0.00000000e+00 5.15667122e-02 0.00000000e+00
  0.00000000e+00 8.52131937e-02 0.00000000e+00 3.65646409e-02]
 [0.00000000e+00 1.16724552e-01 0.00000000e+00 6.79781344e-02
  2.64665374e-01 0.00000000e+00 5.06319393e-02 0.00000000e+00
  0.00000000e+00 6.79781344e-02 0.00000000e+00 9.62014805e-02
  2.36442028e-01 0.00000000e+00 9.93783567e-02 0.00000000e+00]
 [1.63784387e-01 0.00000000e+00 9.42676613e-02 0.00000000e+00
  0.00000000e+00 1.41340674e-01 0.00000000e+00 1.18421914e-01
  2.62263114e-01 0.00000000e+00 2.42713711e-02 0.00000000e+00
  0.00000000e+00 6.96338436e-02 0.00000000e+00 1.26017035e-01]
 [0.00000000e+00 1.69222816e-01 0.00000000e+00 8.77368816e-02
  2.21690991e-01 0.00000000e+00 4.67246775e-02 0.00000000e+00
  0.00000000e+00 8.84645351e-02 0.00000000e+00 1.00639328e-01
  2.27446914e-01 0.00000000e+00 5.80738566e-02 0.00000000e+00]
 [1.95879955e-02 0.00000000e+00 8.52105387e-02 0.00000000e+00
  0.00000000e+00 6.03979855e-02 0.00000000e+00 1.27978224e-01
  4.29549909e-01 0.00000000e+00 1.95879955e-02 0.00000000e+00
  0.00000000e+00 1.97289366e-01 0.00000000e+00 6.03979855e-02]
 [0.00000000e+00 2.55182527e-02 0.00000000e+00 6.55903202e-02
  2.08050312e-01 0.00000000e+00 4.20247771e-02 0.00000000e+00
  0.00000000e+00 1.34901462e-01 0.00000000e+00 2.31123760e-01
  2.01333211e-01 0.00000000e+00 9.14579052e-02 0.00000000e+00]
 [1.17833485e-01 0.00000000e+00 4.45144225e-02 0.00000000e+00
  0.00000000e+00 1.56653420e-01 0.00000000e+00 1.40982022e-01
  1.83781390e-01 0.00000000e+00 9.12383693e-02 0.00000000e+00
  0.00000000e+00 6.80898326e-02 0.00000000e+00 1.96907059e-01]
 [0.00000000e+00 4.52390157e-02 0.00000000e+00 1.38056230e-01
  9.07660899e-02 0.00000000e+00 6.80855375e-02 0.00000000e+00
  0.00000000e+00 1.82763529e-01 0.00000000e+00 3.16237971e-01
  6.80855375e-02 0.00000000e+00 9.07660899e-02 0.00000000e+00]
 [1.21332093e-02 0.00000000e+00 1.46718418e-01 0.00000000e+00
  0.00000000e+00 3.19454887e-02 0.00000000e+00 4.22348712e-01
  1.46718418e-01 0.00000000e+00 1.21332093e-02 0.00000000e+00
  0.00000000e+00 1.96057056e-01 0.00000000e+00 3.19454887e-02]
 [0.00000000e+00 1.62045501e-01 0.00000000e+00 2.38261503e-01
  9.06650602e-02 0.00000000e+00 1.66881062e-01 0.00000000e+00
  0.00000000e+00 8.04083765e-02 0.00000000e+00 1.17338203e-01
  5.37352337e-02 0.00000000e+00 9.06650602e-02 0.00000000e+00]
 [1.04791856e-01 0.00000000e+00 2.34658804e-01 0.00000000e+00
  0.00000000e+00 1.50094471e-01 0.00000000e+00 1.21782994e-01
  6.44908808e-02 0.00000000e+00 1.11621118e-01 0.00000000e+00
  0.00000000e+00 9.46299793e-02 0.00000000e+00 1.17929897e-01]
 [0.00000000e+00 5.91092369e-02 0.00000000e+00 1.51493833e-01
  8.76361301e-02 0.00000000e+00 9.00183040e-02 0.00000000e+00
  0.00000000e+00 1.76397368e-01 0.00000000e+00 2.05680158e-01
  6.68070632e-02 0.00000000e+00 1.62857907e-01 0.00000000e+00]
 [3.14760021e-02 0.00000000e+00 2.21400209e-01 0.00000000e+00
  0.00000000e+00 9.14728689e-02 0.00000000e+00 2.65701122e-01
  1.22967191e-01 0.00000000e+00 3.14760021e-02 0.00000000e+00
  0.00000000e+00 1.44033736e-01 0.00000000e+00 9.14728689e-02]
 [0.00000000e+00 7.98848445e-02 0.00000000e+00 1.08882860e-01
  8.88050045e-02 0.00000000e+00 2.02949685e-01 0.00000000e+00
  0.00000000e+00 1.80743173e-01 0.00000000e+00 1.96972447e-01
  2.01930230e-02 0.00000000e+00 1.21568962e-01 0.00000000e+00]
 [1.26704581e-01 0.00000000e+00 2.26739176e-01 0.00000000e+00
  0.00000000e+00 1.57390453e-01 0.00000000e+00 8.80123450e-02
  3.32820491e-02 0.00000000e+00 4.93201091e-02 0.00000000e+00
  0.00000000e+00 8.80123450e-02 0.00000000e+00 2.30538942e-01]
 [0.00000000e+00 8.29490588e-02 0.00000000e+00 6.05180371e-02
  1.22464898e-01 0.00000000e+00 1.60919517e-01 0.00000000e+00
  0.00000000e+00 6.05180371e-02 0.00000000e+00 8.29490588e-02
  1.46250099e-01 0.00000000e+00 2.83431294e-01 0.00000000e+00]
 [2.45961288e-02 0.00000000e+00 4.19754683e-01 0.00000000e+00
  0.00000000e+00 9.50008800e-02 0.00000000e+00 4.84662158e-02
  2.44118868e-01 0.00000000e+00 2.45961288e-02 0.00000000e+00
  0.00000000e+00 4.84662158e-02 0.00000000e+00 9.50008800e-02]
 [0.00000000e+00 1.16239055e-01 0.00000000e+00 4.44706997e-02
  1.61620347e-01 0.00000000e+00 1.77669899e-01 0.00000000e+00
  0.00000000e+00 4.44706997e-02 0.00000000e+00 1.11396296e-01
  9.46947499e-02 0.00000000e+00 2.49438254e-01 0.00000000e+00]
 [8.42456673e-02 0.00000000e+00 1.96297657e-01 0.00000000e+00
  0.00000000e+00 9.35777601e-02 0.00000000e+00 1.06702909e-01
  1.32498514e-01 0.00000000e+00 1.27042160e-01 0.00000000e+00
  0.00000000e+00 1.04584918e-01 0.00000000e+00 1.55050414e-01]
 [0.00000000e+00 7.07123873e-02 0.00000000e+00 6.63824416e-02
  1.23192243e-01 0.00000000e+00 1.81990360e-01 0.00000000e+00
  0.00000000e+00 7.62922502e-02 0.00000000e+00 7.36614463e-02
  8.22515830e-02 0.00000000e+00 3.25517289e-01 0.00000000e+00]
 [4.27571726e-02 0.00000000e+00 4.64750476e-01 0.00000000e+00
  0.00000000e+00 1.76690527e-02 0.00000000e+00 1.22374835e-01
  1.62686653e-01 0.00000000e+00 4.27571726e-02 0.00000000e+00
  0.00000000e+00 1.29335585e-01 0.00000000e+00 1.76690527e-02]
 [0.00000000e+00 1.65205691e-01 0.00000000e+00 8.56725320e-02
  7.48189942e-02 0.00000000e+00 1.52747180e-01 0.00000000e+00
  0.00000000e+00 9.26332816e-02 0.00000000e+00 7.71634916e-02
  1.04883637e-01 0.00000000e+00 2.46875192e-01 0.00000000e+00]
 [8.26665479e-02 0.00000000e+00 1.05153630e-01 0.00000000e+00
  0.00000000e+00 6.65600466e-02 0.00000000e+00 6.25772196e-02
  1.14099333e-01 0.00000000e+00 1.99898453e-01 0.00000000e+00
  0.00000000e+00 2.19987782e-01 0.00000000e+00 1.49056988e-01]
 [0.00000000e+00 2.86268794e-01 0.00000000e+00 2.58868218e-01
  1.71762257e-02 0.00000000e+00 5.36992266e-03 0.00000000e+00
  0.00000000e+00 2.66098679e-01 0.00000000e+00 1.43672013e-01
  5.36992266e-03 0.00000000e+00 1.71762257e-02 0.00000000e+00]
 [6.23593051e-03 0.00000000e+00 1.63102178e-02 0.00000000e+00
  0.00000000e+00 2.04796531e-01 0.00000000e+00 1.97743700e-01
  1.63102178e-02 0.00000000e+00 6.23593051e-03 0.00000000e+00
  0.00000000e+00 3.47570942e-01 0.00000000e+00 2.04796531e-01]
 [0.00000000e+00 1.80578724e-01 0.00000000e+00 1.64924815e-01
  5.12336052e-02 0.00000000e+00 3.55796956e-02 0.00000000e+00
  0.00000000e+00 2.32607975e-01 0.00000000e+00 1.73348264e-01
  1.10493316e-01 0.00000000e+00 5.12336052e-02 0.00000000e+00]
 [6.62736051e-02 0.00000000e+00 4.10068105e-02 0.00000000e+00
  0.00000000e+00 1.23505724e-01 0.00000000e+00 9.60103922e-02
  2.08342202e-01 0.00000000e+00 1.66138028e-01 0.00000000e+00
  0.00000000e+00 1.36401241e-01 0.00000000e+00 1.62321997e-01]
 [0.00000000e+00 1.26141467e-01 0.00000000e+00 1.47930687e-01
  1.56838258e-01 0.00000000e+00 1.55282762e-01 0.00000000e+00
  0.00000000e+00 1.36623283e-01 0.00000000e+00 5.90588683e-02
  8.58641678e-02 0.00000000e+00 1.32260507e-01 0.00000000e+00]
 [3.97396977e-02 0.00000000e+00 2.47803571e-01 0.00000000e+00
  0.00000000e+00 9.30352176e-02 0.00000000e+00 1.13954337e-01
  2.02962728e-01 0.00000000e+00 3.97396977e-02 0.00000000e+00
  0.00000000e+00 1.69729533e-01 0.00000000e+00 9.30352176e-02]
 [0.00000000e+00 2.29677025e-01 0.00000000e+00 1.05698144e-01
  1.91327879e-01 0.00000000e+00 7.31892251e-02 0.00000000e+00
  0.00000000e+00 7.25377555e-02 0.00000000e+00 4.49539609e-02
  1.52179789e-01 0.00000000e+00 1.30436221e-01 0.00000000e+00]
 [1.03287786e-01 0.00000000e+00 8.00118539e-02 0.00000000e+00
  0.00000000e+00 2.03991397e-01 0.00000000e+00 8.92099586e-02
  2.82705346e-01 0.00000000e+00 7.51321312e-02 0.00000000e+00
  0.00000000e+00 8.92099586e-02 0.00000000e+00 7.64515687e-02]
 [0.00000000e+00 6.77024711e-02 0.00000000e+00 3.56738823e-02
  3.60991352e-01 0.00000000e+00 1.63172123e-01 0.00000000e+00
  0.00000000e+00 3.56738823e-02 0.00000000e+00 6.77024711e-02
  1.90399823e-01 0.00000000e+00 7.86839955e-02 0.00000000e+00]
 [8.82192821e-02 0.00000000e+00 1.53636836e-01 0.00000000e+00
  0.00000000e+00 6.53288747e-02 0.00000000e+00 3.80474787e-02
  4.63171893e-01 0.00000000e+00 8.82192821e-02 0.00000000e+00
  0.00000000e+00 3.80474787e-02 0.00000000e+00 6.53288747e-02]
 [0.00000000e+00 7.10893867e-02 0.00000000e+00 4.93607068e-02
  2.78023057e-01 0.00000000e+00 1.01526849e-01 0.00000000e+00
  0.00000000e+00 4.93607068e-02 0.00000000e+00 1.56003892e-01
  1.71379872e-01 0.00000000e+00 1.23255529e-01 0.00000000e+00]
 [1.08739480e-01 0.00000000e+00 1.97838717e-01 0.00000000e+00
  0.00000000e+00 2.06177115e-01 0.00000000e+00 1.34107284e-01
  1.20829143e-01 0.00000000e+00 8.16273464e-02 0.00000000e+00
  0.00000000e+00 5.62595425e-02 0.00000000e+00 9.44213717e-02]
 [0.00000000e+00 1.02945635e-01 0.00000000e+00 1.17883496e-01
  1.68940210e-01 0.00000000e+00 1.56447147e-01 0.00000000e+00
  0.00000000e+00 1.38201210e-01 0.00000000e+00 1.30330113e-01
  3.46582172e-02 0.00000000e+00 1.50593971e-01 0.00000000e+00]
 [8.76534594e-02 0.00000000e+00 2.19387659e-01 0.00000000e+00
  0.00000000e+00 1.10378473e-01 0.00000000e+00 1.37835136e-01
  1.15944968e-01 0.00000000e+00 8.76534594e-02 0.00000000e+00
  0.00000000e+00 1.30768372e-01 0.00000000e+00 1.10378473e-01]]