[0.61237244 0.25       0.42389562 0.47186465 0.45393247 0.34587412
 0.22426094 0.21875    0.30886558 0.35600492 0.38571128 0.0707452
 0.023027   0.10291505 0.33944784 0.14719878 0.18873381 0.24802597
 0.28656307 0.21706175 0.2210446  0.30087042 0.49400282 0.0314193
 0.05881328 0.07086534 0.38806837 0.22145274 0.2703828  0.13047104
 0.16281309 0.24281441 0.34148894 0.17496483 0.17017849 0.14237395
 0.30001381 0.11136235 0.07355085 0.34542914 0.13417429 0.1112322
 0.25373833 0.17786848 0.24776883 0.06179853 0.12462963 0.15861528
 0.24162187 0.2079339  0.17909932 0.15388995 0.09986399 0.20219511
 0.27226553 0.0719817  0.2447181  0.08784485 0.42080118 0.26397414
 0.23969775 0.32242179 0.3341143  0.40435841 0.29855333 0.20583023
 0.2855645  0.41218645 0.60122661 0.0880202  0.09576989 0.01316672
 0.57000794 0.32280949 0.22050462 0.2272151  0.23977275 0.25477898
 0.16412669 0.27299456 0.28077802 0.12426242 0.10845716 0.27322015
 0.36365129 0.14853699 0.25126889 0.16548671 0.29099341 0.24501395
 0.44032316 0.20132368 0.29204201 0.1726567  0.47050021 0.02188787
 0.35010393 0.06020204 0.08269801]