[[1.    0.    0.    0.    0.    0.    0.    0.    0.    0.    0.    0.
  0.    0.    0.    0.   ]
 [0.    0.256 0.255 0.    0.254 0.    0.    0.    0.235 0.    0.    0.
  0.    0.    0.    0.   ]
 [0.245 0.    0.    0.133 0.    0.136 0.132 0.    0.    0.112 0.119 0.
  0.123 0.    0.    0.   ]
 [0.    0.154 0.149 0.    0.18  0.    0.    0.089 0.164 0.    0.    0.082
  0.    0.089 0.093 0.   ]
 [0.162 0.    0.    0.128 0.    0.133 0.132 0.    0.    0.124 0.107 0.
  0.13  0.    0.    0.084]
 [0.    0.137 0.148 0.    0.127 0.    0.    0.109 0.133 0.    0.    0.106
  0.    0.117 0.123 0.   ]
 [0.143 0.    0.    0.124 0.    0.126 0.138 0.    0.    0.12  0.123 0.
  0.123 0.    0.    0.103]
 [0.    0.124 0.125 0.    0.143 0.    0.    0.121 0.134 0.    0.    0.133
  0.    0.108 0.112 0.   ]
 [0.131 0.    0.    0.133 0.    0.126 0.126 0.    0.    0.123 0.116 0.
  0.129 0.    0.    0.116]
 [0.    0.123 0.131 0.    0.138 0.    0.    0.13  0.132 0.    0.    0.114
  0.    0.119 0.113 0.   ]
 [0.131 0.    0.    0.125 0.    0.12  0.126 0.    0.    0.127 0.137 0.
  0.112 0.    0.    0.122]
 [0.    0.133 0.133 0.    0.115 0.    0.    0.139 0.123 0.    0.    0.111
  0.    0.119 0.127 0.   ]
 [0.126 0.    0.    0.117 0.    0.131 0.128 0.    0.    0.11  0.126 0.
  0.12  0.    0.    0.142]
 [0.    0.131 0.113 0.    0.126 0.    0.    0.133 0.127 0.    0.    0.108
  0.    0.138 0.124 0.   ]
 [0.141 0.    0.    0.134 0.    0.131 0.109 0.    0.    0.105 0.114 0.
  0.136 0.    0.    0.13 ]
 [0.    0.114 0.129 0.    0.129 0.    0.    0.122 0.145 0.    0.    0.114
  0.    0.135 0.112 0.   ]
 [0.141 0.    0.    0.121 0.    0.114 0.139 0.    0.    0.122 0.114 0.
  0.123 0.    0.    0.126]
 [0.    0.112 0.124 0.    0.128 0.    0.    0.117 0.137 0.    0.    0.12
  0.    0.122 0.14  0.   ]
 [0.118 0.    0.    0.134 0.    0.101 0.128 0.    0.    0.126 0.132 0.
  0.144 0.    0.    0.117]
 [0.    0.109 0.135 0.    0.129 0.    0.    0.115 0.126 0.    0.    0.13
  0.    0.12  0.136 0.   ]
 [0.112 0.    0.    0.125 0.    0.112 0.129 0.    0.    0.105 0.134 0.
  0.138 0.    0.    0.145]
 [0.    0.086 0.117 0.    0.116 0.    0.    0.16  0.128 0.    0.    0.122
  0.    0.126 0.145 0.   ]
 [0.121 0.    0.    0.107 0.    0.116 0.139 0.    0.    0.132 0.134 0.
  0.105 0.    0.    0.146]
 [0.    0.114 0.125 0.    0.112 0.    0.    0.135 0.135 0.    0.    0.147
  0.    0.125 0.107 0.   ]
 [0.128 0.    0.    0.146 0.    0.115 0.123 0.    0.    0.118 0.124 0.
  0.105 0.    0.    0.141]
 [0.    0.123 0.14  0.    0.119 0.    0.    0.127 0.108 0.    0.    0.117
  0.    0.125 0.141 0.   ]
 [0.122 0.    0.    0.12  0.    0.125 0.117 0.    0.    0.139 0.127 0.
  0.119 0.    0.    0.131]
 [0.    0.136 0.113 0.    0.12  0.    0.    0.104 0.112 0.    0.    0.139
  0.    0.144 0.132 0.   ]
 [0.123 0.    0.    0.114 0.    0.123 0.12  0.    0.    0.119 0.135 0.
  0.131 0.    0.    0.135]
 [0.    0.117 0.123 0.    0.131 0.    0.    0.125 0.135 0.    0.    0.133
  0.    0.113 0.123 0.   ]
 [0.131 0.    0.    0.127 0.    0.12  0.125 0.    0.    0.137 0.102 0.
  0.126 0.    0.    0.132]
 [0.    0.138 0.129 0.    0.127 0.    0.    0.104 0.124 0.    0.    0.118
  0.    0.133 0.127 0.   ]
 [0.143 0.    0.    0.125 0.    0.125 0.1   0.    0.    0.128 0.125 0.
  0.132 0.    0.    0.122]
 [0.    0.126 0.129 0.    0.111 0.    0.    0.11  0.141 0.    0.    0.139
  0.    0.122 0.122 0.   ]
 [0.126 0.    0.    0.131 0.    0.127 0.133 0.    0.    0.139 0.115 0.
  0.111 0.    0.    0.118]
 [0.    0.132 0.124 0.    0.106 0.    0.    0.121 0.113 0.    0.    0.123
  0.    0.133 0.148 0.   ]
 [0.106 0.    0.    0.129 0.    0.123 0.111 0.    0.    0.137 0.115 0.
  0.136 0.    0.    0.143]
 [0.    0.121 0.12  0.    0.119 0.    0.    0.115 0.126 0.    0.    0.137
  0.    0.14  0.122 0.   ]
 [0.138 0.    0.    0.123 0.    0.134 0.114 0.    0.    0.116 0.128 0.
  0.11  0.    0.    0.137]
 [0.    0.129 0.114 0.    0.122 0.    0.    0.12  0.117 0.    0.    0.127
  0.    0.141 0.13  0.   ]
 [0.122 0.    0.    0.136 0.    0.126 0.118 0.    0.    0.131 0.123 0.
  0.126 0.    0.    0.118]
 [0.    0.123 0.113 0.    0.115 0.    0.    0.124 0.128 0.    0.    0.137
  0.    0.11  0.15  0.   ]
 [0.112 0.    0.    0.12  0.    0.099 0.139 0.    0.    0.12  0.123 0.
  0.147 0.    0.    0.14 ]
 [0.    0.111 0.134 0.    0.107 0.    0.    0.104 0.136 0.    0.    0.125
  0.    0.139 0.144 0.   ]
 [0.12  0.    0.    0.131 0.    0.115 0.124 0.    0.    0.124 0.13  0.
  0.133 0.    0.    0.123]
 [0.    0.114 0.134 0.    0.131 0.    0.    0.115 0.125 0.    0.    0.148
  0.    0.117 0.116 0.   ]
 [0.125 0.    0.    0.123 0.    0.119 0.115 0.    0.    0.133 0.134 0.
  0.117 0.    0.    0.134]
 [0.    0.134 0.119 0.    0.123 0.    0.    0.114 0.116 0.    0.    0.14
  0.    0.124 0.13  0.   ]
 [0.115 0.    0.    0.119 0.    0.121 0.123 0.    0.    0.138 0.131 0.
  0.11  0.    0.    0.143]
 [0.    0.133 0.137 0.    0.115 0.    0.    0.137 0.126 0.    0.    0.105
  0.    0.119 0.128 0.   ]
 [0.133 0.    0.    0.125 0.    0.125 0.125 0.    0.    0.108 0.13  0.
  0.123 0.    0.    0.131]
 [0.    0.126 0.125 0.    0.129 0.    0.    0.115 0.128 0.    0.    0.136
  0.    0.117 0.124 0.   ]
 [0.138 0.    0.    0.123 0.    0.117 0.127 0.    0.    0.13  0.12  0.
  0.126 0.    0.    0.119]
 [0.    0.12  0.132 0.    0.113 0.    0.    0.126 0.135 0.    0.    0.122
  0.    0.126 0.126 0.   ]
 [0.13  0.    0.    0.12  0.    0.119 0.122 0.    0.    0.13  0.146 0.
  0.123 0.    0.    0.11 ]
 [0.    0.124 0.131 0.    0.124 0.    0.    0.118 0.123 0.    0.    0.144
  0.    0.114 0.122 0.   ]
 [0.131 0.    0.    0.133 0.    0.115 0.127 0.    0.    0.126 0.125 0.
  0.111 0.    0.    0.132]
 [0.    0.123 0.117 0.    0.127 0.    0.    0.123 0.139 0.    0.    0.134
  0.    0.118 0.119 0.   ]
 [0.126 0.    0.    0.135 0.    0.127 0.116 0.    0.    0.122 0.126 0.
  0.13  0.    0.    0.118]
 [0.    0.111 0.146 0.    0.129 0.    0.    0.112 0.134 0.    0.    0.133
  0.    0.121 0.114 0.   ]
 [0.126 0.    0.    0.118 0.    0.115 0.141 0.    0.    0.122 0.135 0.
  0.112 0.    0.    0.131]
 [0.    0.127 0.127 0.    0.124 0.    0.    0.139 0.11  0.    0.    0.119
  0.    0.112 0.142 0.   ]
 [0.124 0.    0.    0.149 0.    0.104 0.157 0.    0.    0.114 0.108 0.
  0.126 0.    0.    0.118]
 [0.    0.139 0.134 0.    0.129 0.    0.    0.123 0.098 0.    0.    0.134
  0.    0.108 0.135 0.   ]
 [0.134 0.    0.    0.134 0.    0.129 0.111 0.    0.    0.121 0.132 0.
  0.11  0.    0.    0.129]
 [0.    0.132 0.131 0.    0.129 0.    0.    0.115 0.132 0.    0.    0.135
  0.    0.118 0.108 0.   ]
 [0.134 0.    0.    0.141 0.    0.124 0.131 0.    0.    0.12  0.121 0.
  0.118 0.    0.    0.111]
 [0.    0.111 0.153 0.    0.13  0.    0.    0.115 0.12  0.    0.    0.136
  0.    0.124 0.111 0.   ]
 [0.139 0.    0.    0.139 0.    0.105 0.133 0.    0.    0.127 0.121 0.
  0.121 0.    0.    0.115]
 [0.    0.127 0.13  0.    0.132 0.    0.    0.126 0.133 0.    0.    0.116
  0.    0.112 0.124 0.   ]
 [0.123 0.    0.    0.103 0.    0.132 0.154 0.    0.    0.121 0.126 0.
  0.14  0.    0.    0.101]
 [0.    0.118 0.14  0.    0.126 0.    0.    0.124 0.133 0.    0.    0.113
  0.    0.123 0.123 0.   ]
 [0.127 0.    0.    0.116 0.    0.121 0.147 0.    0.    0.107 0.134 0.
  0.134 0.    0.    0.114]
 [0.    0.134 0.121 0.    0.134 0.    0.    0.122 0.112 0.    0.    0.11
  0.    0.137 0.13  0.   ]
 [0.123 0.    0.    0.122 0.    0.137 0.126 0.    0.    0.111 0.11  0.
  0.144 0.    0.    0.127]
 [0.    0.116 0.143 0.    0.127 0.    0.    0.142 0.124 0.    0.    0.118
  0.    0.113 0.117 0.   ]
 [0.121 0.    0.    0.138 0.    0.115 0.139 0.    0.    0.123 0.133 0.
  0.125 0.    0.    0.106]
 [0.    0.133 0.109 0.    0.12  0.    0.    0.129 0.145 0.    0.    0.134
  0.    0.101 0.129 0.   ]
 [0.135 0.    0.    0.134 0.    0.122 0.108 0.    0.    0.104 0.13  0.
  0.133 0.    0.    0.134]
 [0.    0.122 0.135 0.    0.132 0.    0.    0.11  0.133 0.    0.    0.123
  0.    0.113 0.132 0.   ]
 [0.129 0.    0.    0.138 0.    0.111 0.119 0.    0.    0.12  0.121 0.
  0.12  0.    0.    0.142]
 [0.    0.134 0.134 0.    0.124 0.    0.    0.12  0.112 0.    0.    0.097
  0.    0.134 0.145 0.   ]
 [0.121 0.    0.    0.107 0.    0.136 0.133 0.    0.    0.118 0.137 0.
  0.132 0.    0.    0.116]
 [0.    0.121 0.123 0.    0.127 0.    0.    0.12  0.112 0.    0.    0.129
  0.    0.137 0.131 0.   ]
 [0.131 0.    0.    0.128 0.    0.14  0.115 0.    0.    0.111 0.112 0.
  0.13  0.    0.    0.133]
 [0.    0.127 0.102 0.    0.122 0.    0.    0.135 0.128 0.    0.    0.138
  0.    0.129 0.119 0.   ]
 [0.118 0.    0.    0.136 0.    0.127 0.099 0.    0.    0.143 0.128 0.
  0.128 0.    0.    0.121]
 [0.    0.127 0.112 0.    0.127 0.    0.    0.114 0.154 0.    0.    0.119
  0.    0.121 0.126 0.   ]
 [0.135 0.    0.    0.11  0.    0.12  0.12  0.    0.    0.133 0.142 0.
  0.123 0.    0.    0.117]
 [0.    0.134 0.124 0.    0.12  0.    0.    0.116 0.133 0.    0.    0.127
  0.    0.127 0.119 0.   ]
 [0.116 0.    0.    0.12  0.    0.12  0.122 0.    0.    0.148 0.132 0.
  0.125 0.    0.    0.117]
 [0.    0.121 0.113 0.    0.129 0.    0.    0.127 0.132 0.    0.    0.131
  0.    0.132 0.115 0.   ]
 [0.132 0.    0.    0.127 0.    0.112 0.136 0.    0.    0.136 0.104 0.
  0.118 0.    0.    0.135]
 [0.    0.119 0.11  0.    0.137 0.    0.    0.135 0.128 0.    0.    0.134
  0.    0.126 0.111 0.   ]
 [0.118 0.    0.    0.131 0.    0.118 0.12  0.    0.    0.129 0.125 0.
  0.127 0.    0.    0.132]
 [0.    0.126 0.124 0.    0.126 0.    0.    0.121 0.123 0.    0.    0.109
  0.    0.122 0.149 0.   ]
 [0.129 0.    0.    0.129 0.    0.12  0.142 0.    0.    0.105 0.12  0.
  0.115 0.    0.    0.14 ]
 [0.    0.106 0.136 0.    0.115 0.    0.    0.139 0.118 0.    0.    0.114
  0.    0.128 0.144 0.   ]
 [0.127 0.    0.    0.131 0.    0.116 0.132 0.    0.    0.116 0.132 0.
  0.118 0.    0.    0.128]
 [0.    0.133 0.122 0.    0.123 0.    0.    0.128 0.123 0.    0.    0.128
  0.    0.124 0.119 0.   ]
 [0.109 0.    0.    0.134 0.    0.139 0.126 0.    0.    0.138 0.11  0.
  0.118 0.    0.    0.126]
 [0.    0.127 0.122 0.    0.129 0.    0.    0.149 0.123 0.    0.    0.114
  0.    0.124 0.112 0.   ]
 [0.14  0.    0.    0.118 0.    0.136 0.124 0.    0.    0.112 0.118 0.
  0.125 0.    0.    0.127]
 [0.    0.103 0.135 0.    0.125 0.    0.    0.134 0.128 0.    0.    0.122
  0.    0.136 0.117 0.   ]
 [0.134 0.    0.    0.118 0.    0.139 0.121 0.    0.    0.121 0.109 0.
  0.126 0.    0.    0.132]
 [0.    0.13  0.124 0.    0.106 0.    0.    0.128 0.129 0.    0.    0.131
  0.    0.135 0.117 0.   ]
 [0.136 0.    0.    0.109 0.    0.128 0.111 0.    0.    0.134 0.112 0.
  0.133 0.    0.    0.137]
 [0.    0.127 0.101 0.    0.139 0.    0.    0.102 0.141 0.    0.    0.129
  0.    0.138 0.123 0.   ]
 [0.122 0.    0.    0.113 0.    0.134 0.114 0.    0.    0.132 0.132 0.
  0.128 0.    0.    0.125]
 [0.    0.129 0.127 0.    0.129 0.    0.    0.114 0.131 0.    0.    0.133
  0.    0.121 0.116 0.   ]
 [0.131 0.    0.    0.134 0.    0.118 0.133 0.    0.    0.132 0.124 0.
  0.12  0.    0.    0.108]
 [0.    0.107 0.122 0.    0.139 0.    0.    0.113 0.127 0.    0.    0.13
  0.    0.133 0.129 0.   ]
 [0.132 0.    0.    0.125 0.    0.119 0.125 0.    0.    0.111 0.13  0.
  0.126 0.    0.    0.132]
 [0.    0.126 0.116 0.    0.128 0.    0.    0.13  0.127 0.    0.    0.125
  0.    0.11  0.138 0.   ]
 [0.142 0.    0.    0.117 0.    0.122 0.131 0.    0.    0.121 0.121 0.
  0.119 0.    0.    0.127]
 [0.    0.131 0.148 0.    0.124 0.    0.    0.132 0.122 0.    0.    0.118
  0.    0.127 0.098 0.   ]
 [0.114 0.    0.    0.144 0.    0.116 0.134 0.    0.    0.131 0.113 0.
  0.126 0.    0.    0.122]
 [0.    0.127 0.107 0.    0.114 0.    0.    0.126 0.126 0.    0.    0.134
  0.    0.139 0.127 0.   ]
 [0.117 0.    0.    0.126 0.    0.109 0.132 0.    0.    0.128 0.111 0.
  0.133 0.    0.    0.144]
 [0.    0.108 0.115 0.    0.126 0.    0.    0.127 0.13  0.    0.    0.121
  0.    0.122 0.151 0.   ]
 [0.11  0.    0.    0.12  0.    0.137 0.139 0.    0.    0.112 0.126 0.
  0.132 0.    0.    0.124]
 [0.    0.127 0.13  0.    0.124 0.    0.    0.135 0.104 0.    0.    0.105
  0.    0.127 0.148 0.   ]
 [0.112 0.    0.    0.106 0.    0.135 0.148 0.    0.    0.114 0.125 0.
  0.134 0.    0.    0.126]
 [0.    0.118 0.14  0.    0.132 0.    0.    0.13  0.108 0.    0.    0.104
  0.    0.123 0.145 0.   ]
 [0.126 0.    0.    0.12  0.    0.135 0.127 0.    0.    0.106 0.124 0.
  0.12  0.    0.    0.142]
 [0.    0.112 0.123 0.    0.134 0.    0.    0.123 0.125 0.    0.    0.123
  0.    0.126 0.134 0.   ]
 [0.107 0.    0.    0.109 0.    0.127 0.148 0.    0.    0.131 0.133 0.
  0.129 0.    0.    0.116]
 [0.    0.129 0.122 0.    0.131 0.    0.    0.129 0.128 0.    0.    0.124
  0.    0.117 0.12  0.   ]
 [0.117 0.    0.    0.119 0.    0.121 0.136 0.    0.    0.126 0.141 0.
  0.121 0.    0.    0.119]
 [0.    0.116 0.144 0.    0.119 0.    0.    0.127 0.099 0.    0.    0.122
  0.    0.122 0.151 0.   ]
 [0.129 0.    0.    0.121 0.    0.127 0.146 0.    0.    0.127 0.111 0.
  0.117 0.    0.    0.122]
 [0.    0.128 0.12  0.    0.127 0.    0.    0.141 0.141 0.    0.    0.105
  0.    0.114 0.124 0.   ]
 [0.144 0.    0.    0.109 0.    0.111 0.127 0.    0.    0.126 0.124 0.
  0.12  0.    0.    0.139]
 [0.    0.119 0.132 0.    0.142 0.    0.    0.122 0.116 0.    0.    0.125
  0.    0.136 0.108 0.   ]
 [0.12  0.    0.    0.14  0.    0.12  0.125 0.    0.    0.13  0.107 0.
  0.129 0.    0.    0.129]
 [0.    0.133 0.139 0.    0.133 0.    0.    0.127 0.103 0.    0.    0.118
  0.    0.132 0.115 0.   ]
 [0.136 0.    0.    0.129 0.    0.138 0.113 0.    0.    0.125 0.116 0.
  0.127 0.    0.    0.116]
 [0.    0.127 0.12  0.    0.114 0.    0.    0.124 0.13  0.    0.    0.118
  0.    0.133 0.134 0.   ]
 [0.125 0.    0.    0.116 0.    0.124 0.13  0.    0.    0.122 0.122 0.
  0.147 0.    0.    0.114]
 [0.    0.119 0.126 0.    0.148 0.    0.    0.121 0.127 0.    0.    0.116
  0.    0.122 0.121 0.   ]
 [0.116 0.    0.    0.123 0.    0.131 0.135 0.    0.    0.122 0.123 0.
  0.134 0.    0.    0.116]
 [0.    0.115 0.114 0.    0.132 0.    0.    0.105 0.135 0.    0.    0.135
  0.    0.136 0.128 0.   ]
 [0.116 0.    0.    0.11  0.    0.125 0.123 0.    0.    0.125 0.138 0.
  0.131 0.    0.    0.132]
 [0.    0.122 0.123 0.    0.11  0.    0.    0.133 0.143 0.    0.    0.112
  0.    0.127 0.13  0.   ]
 [0.11  0.    0.    0.125 0.    0.119 0.127 0.    0.    0.133 0.122 0.
  0.124 0.    0.    0.14 ]
 [0.    0.121 0.106 0.    0.108 0.    0.    0.126 0.114 0.    0.    0.159
  0.    0.133 0.133 0.   ]
 [0.125 0.    0.    0.123 0.    0.121 0.12  0.    0.    0.139 0.125 0.
  0.113 0.    0.    0.134]
 [0.    0.115 0.13  0.    0.117 0.    0.    0.144 0.107 0.    0.    0.128
  0.    0.125 0.134 0.   ]
 [0.127 0.    0.    0.116 0.    0.141 0.146 0.    0.    0.111 0.124 0.
  0.104 0.    0.    0.131]
 [0.    0.126 0.116 0.    0.139 0.    0.    0.135 0.122 0.    0.    0.11
  0.    0.136 0.116 0.   ]
 [0.129 0.    0.    0.129 0.    0.126 0.113 0.    0.    0.12  0.12  0.
  0.14  0.    0.    0.123]
 [0.    0.136 0.147 0.    0.12  0.    0.    0.115 0.123 0.    0.    0.124
  0.    0.114 0.121 0.   ]
 [0.134 0.    0.    0.137 0.    0.118 0.119 0.    0.    0.112 0.138 0.
  0.124 0.    0.    0.118]
 [0.    0.129 0.138 0.    0.125 0.    0.    0.119 0.124 0.    0.    0.135
  0.    0.13  0.1   0.   ]
 [0.132 0.    0.    0.123 0.    0.123 0.118 0.    0.    0.143 0.126 0.
  0.128 0.    0.    0.107]
 [0.    0.137 0.122 0.    0.127 0.    0.    0.106 0.125 0.    0.    0.126
  0.    0.132 0.125 0.   ]
 [0.13  0.    0.    0.115 0.    0.13  0.112 0.    0.    0.143 0.119 0.
  0.13  0.    0.    0.121]
 [0.    0.127 0.105 0.    0.134 0.    0.    0.124 0.136 0.    0.    0.124
  0.    0.126 0.124 0.   ]
 [0.126 0.    0.    0.126 0.    0.121 0.108 0.    0.    0.14  0.131 0.
  0.132 0.    0.    0.116]
 [0.    0.137 0.118 0.    0.118 0.    0.    0.111 0.124 0.    0.    0.129
  0.    0.116 0.147 0.   ]
 [0.131 0.    0.    0.143 0.    0.128 0.119 0.    0.    0.113 0.123 0.
  0.112 0.    0.    0.131]
 [0.    0.134 0.121 0.    0.124 0.    0.    0.111 0.113 0.    0.    0.151
  0.    0.134 0.112 0.   ]
 [0.118 0.    0.    0.117 0.    0.128 0.129 0.    0.    0.149 0.118 0.
  0.119 0.    0.    0.122]
 [0.    0.136 0.115 0.    0.106 0.    0.    0.136 0.12  0.    0.    0.137
  0.    0.125 0.125 0.   ]
 [0.12  0.    0.    0.117 0.    0.132 0.134 0.    0.    0.136 0.122 0.
  0.12  0.    0.    0.119]
 [0.    0.126 0.128 0.    0.126 0.    0.    0.112 0.127 0.    0.    0.115
  0.    0.132 0.134 0.   ]
 [0.127 0.    0.    0.106 0.    0.121 0.119 0.    0.    0.115 0.137 0.
  0.132 0.    0.    0.143]
 [0.    0.087 0.12  0.    0.125 0.    0.    0.128 0.148 0.    0.    0.12
  0.    0.138 0.134 0.   ]
 [0.1   0.    0.    0.13  0.    0.122 0.12  0.    0.    0.108 0.139 0.
  0.142 0.    0.    0.139]
 [0.    0.115 0.123 0.    0.114 0.    0.    0.137 0.122 0.    0.    0.14
  0.    0.122 0.127 0.   ]
 [0.122 0.    0.    0.136 0.    0.115 0.12  0.    0.    0.116 0.138 0.
  0.116 0.    0.    0.137]
 [0.    0.118 0.132 0.    0.108 0.    0.    0.127 0.134 0.    0.    0.124
  0.    0.111 0.146 0.   ]
 [0.129 0.    0.    0.126 0.    0.117 0.11  0.    0.    0.117 0.133 0.
  0.134 0.    0.    0.134]
 [0.    0.132 0.116 0.    0.109 0.    0.    0.108 0.136 0.    0.    0.142
  0.    0.124 0.133 0.   ]
 [0.128 0.    0.    0.111 0.    0.115 0.111 0.    0.    0.133 0.132 0.
  0.131 0.    0.    0.139]
 [0.    0.107 0.124 0.    0.121 0.    0.    0.131 0.126 0.    0.    0.122
  0.    0.129 0.14  0.   ]
 [0.117 0.    0.    0.131 0.    0.1   0.129 0.    0.    0.138 0.117 0.
  0.147 0.    0.    0.121]
 [0.    0.116 0.107 0.    0.124 0.    0.    0.118 0.128 0.    0.    0.14
  0.    0.124 0.143 0.   ]
 [0.111 0.    0.    0.104 0.    0.146 0.121 0.    0.    0.138 0.134 0.
  0.122 0.    0.    0.124]
 [0.    0.117 0.114 0.    0.13  0.    0.    0.127 0.114 0.    0.    0.144
  0.    0.12  0.134 0.   ]
 [0.123 0.    0.    0.131 0.    0.123 0.118 0.    0.    0.124 0.146 0.
  0.118 0.    0.    0.117]
 [0.    0.105 0.137 0.    0.133 0.    0.    0.139 0.132 0.    0.    0.142
  0.    0.11  0.102 0.   ]
 [0.132 0.    0.    0.133 0.    0.112 0.131 0.    0.    0.129 0.118 0.
  0.107 0.    0.    0.138]
 [0.    0.12  0.135 0.    0.108 0.    0.    0.133 0.142 0.    0.    0.129
  0.    0.117 0.116 0.   ]
 [0.135 0.    0.    0.135 0.    0.133 0.127 0.    0.    0.116 0.129 0.
  0.11  0.    0.    0.115]
 [0.    0.149 0.142 0.    0.115 0.    0.    0.137 0.126 0.    0.    0.108
  0.    0.11  0.113 0.   ]
 [0.131 0.    0.    0.137 0.    0.133 0.122 0.    0.    0.135 0.111 0.
  0.114 0.    0.    0.117]
 [0.    0.132 0.132 0.    0.134 0.    0.    0.108 0.135 0.    0.    0.126
  0.    0.118 0.115 0.   ]
 [0.135 0.    0.    0.125 0.    0.109 0.119 0.    0.    0.128 0.127 0.
  0.136 0.    0.    0.121]
 [0.    0.123 0.134 0.    0.118 0.    0.    0.142 0.146 0.    0.    0.111
  0.    0.115 0.111 0.   ]
 [0.122 0.    0.    0.124 0.    0.115 0.151 0.    0.    0.117 0.136 0.
  0.123 0.    0.    0.112]
 [0.    0.116 0.131 0.    0.13  0.    0.    0.144 0.129 0.    0.    0.135
  0.    0.105 0.11  0.   ]
 [0.139 0.    0.    0.126 0.    0.11  0.118 0.    0.    0.103 0.143 0.
  0.133 0.    0.    0.128]
 [0.    0.104 0.128 0.    0.138 0.    0.    0.124 0.123 0.    0.    0.128
  0.    0.121 0.134 0.   ]
 [0.123 0.    0.    0.131 0.    0.113 0.122 0.    0.    0.12  0.127 0.
  0.138 0.    0.    0.126]
 [0.    0.131 0.125 0.    0.119 0.    0.    0.119 0.142 0.    0.    0.121
  0.    0.124 0.119 0.   ]
 [0.112 0.    0.    0.11  0.    0.127 0.129 0.    0.    0.128 0.146 0.
  0.134 0.    0.    0.114]
 [0.    0.107 0.124 0.    0.117 0.    0.    0.125 0.142 0.    0.    0.122
  0.    0.134 0.129 0.   ]
 [0.126 0.    0.    0.12  0.    0.122 0.124 0.    0.    0.123 0.129 0.
  0.12  0.    0.    0.136]
 [0.    0.112 0.142 0.    0.121 0.    0.    0.121 0.134 0.    0.    0.128
  0.    0.124 0.118 0.   ]
 [0.151 0.    0.    0.104 0.    0.131 0.114 0.    0.    0.139 0.126 0.
  0.122 0.    0.    0.113]
 [0.    0.123 0.128 0.    0.139 0.    0.    0.123 0.126 0.    0.    0.121
  0.    0.12  0.12  0.   ]
 [0.109 0.    0.    0.138 0.    0.126 0.119 0.    0.    0.121 0.136 0.
  0.122 0.    0.    0.129]
 [0.    0.131 0.112 0.    0.131 0.    0.    0.118 0.125 0.    0.    0.141
  0.    0.125 0.117 0.   ]
 [0.115 0.    0.    0.133 0.    0.137 0.113 0.    0.    0.111 0.137 0.
  0.144 0.    0.    0.11 ]
 [0.    0.123 0.124 0.    0.134 0.    0.    0.115 0.131 0.    0.    0.134
  0.    0.119 0.12  0.   ]
 [0.131 0.    0.    0.13  0.    0.12  0.11  0.    0.    0.121 0.135 0.
  0.141 0.    0.    0.112]
 [0.    0.127 0.133 0.    0.123 0.    0.    0.119 0.144 0.    0.    0.114
  0.    0.116 0.124 0.   ]
 [0.118 0.    0.    0.115 0.    0.143 0.122 0.    0.    0.127 0.136 0.
  0.14  0.    0.    0.099]
 [0.    0.101 0.118 0.    0.125 0.    0.    0.119 0.154 0.    0.    0.121
  0.    0.129 0.133 0.   ]
 [0.131 0.    0.    0.111 0.    0.118 0.134 0.    0.    0.133 0.121 0.
  0.132 0.    0.    0.12 ]
 [0.    0.129 0.12  0.    0.118 0.    0.    0.139 0.127 0.    0.    0.123
  0.    0.126 0.118 0.   ]
 [0.126 0.    0.    0.129 0.    0.131 0.109 0.    0.    0.124 0.135 0.
  0.129 0.    0.    0.117]
 [0.    0.116 0.15  0.    0.132 0.    0.    0.116 0.129 0.    0.    0.126
  0.    0.107 0.124 0.   ]
 [0.123 0.    0.    0.134 0.    0.118 0.136 0.    0.    0.125 0.137 0.
  0.107 0.    0.    0.12 ]
 [0.    0.127 0.13  0.    0.124 0.    0.    0.137 0.113 0.    0.    0.116
  0.    0.115 0.138 0.   ]
 [0.116 0.    0.    0.136 0.    0.134 0.144 0.    0.    0.125 0.112 0.
  0.112 0.    0.    0.121]
 [0.    0.127 0.115 0.    0.122 0.    0.    0.139 0.107 0.    0.    0.121
  0.    0.133 0.136 0.   ]
 [0.119 0.    0.    0.133 0.    0.141 0.129 0.    0.    0.118 0.127 0.
  0.115 0.    0.    0.118]
 [0.    0.121 0.13  0.    0.125 0.    0.    0.134 0.114 0.    0.    0.131
  0.    0.131 0.114 0.   ]
 [0.119 0.    0.    0.137 0.    0.125 0.124 0.    0.    0.111 0.131 0.
  0.121 0.    0.    0.132]
 [0.    0.124 0.108 0.    0.145 0.    0.    0.137 0.13  0.    0.    0.116
  0.    0.117 0.123 0.   ]
 [0.121 0.    0.    0.136 0.    0.141 0.117 0.    0.    0.123 0.125 0.
  0.122 0.    0.    0.115]
 [0.    0.152 0.124 0.    0.118 0.    0.    0.116 0.116 0.    0.    0.121
  0.    0.136 0.117 0.   ]
 [0.121 0.    0.    0.137 0.    0.124 0.116 0.    0.    0.13  0.13  0.
  0.133 0.    0.    0.109]
 [0.    0.121 0.135 0.    0.138 0.    0.    0.1   0.133 0.    0.    0.126
  0.    0.124 0.123 0.   ]
 [0.128 0.    0.    0.122 0.    0.126 0.126 0.    0.    0.124 0.14  0.
  0.12  0.    0.    0.114]
 [0.    0.135 0.132 0.    0.112 0.    0.    0.112 0.118 0.    0.    0.137
  0.    0.122 0.132 0.   ]
 [0.104 0.    0.    0.131 0.    0.119 0.112 0.    0.    0.139 0.127 0.
  0.124 0.    0.    0.144]
 [0.    0.122 0.118 0.    0.104 0.    0.    0.107 0.132 0.    0.    0.135
  0.    0.147 0.135 0.   ]
 [0.113 0.    0.    0.132 0.    0.101 0.121 0.    0.    0.136 0.12  0.
  0.134 0.    0.    0.143]
 [0.    0.125 0.119 0.    0.119 0.    0.    0.117 0.123 0.    0.    0.13
  0.    0.132 0.135 0.   ]
 [0.124 0.    0.    0.13  0.    0.114 0.125 0.    0.    0.13  0.119 0.
  0.126 0.    0.    0.132]
 [0.    0.135 0.119 0.    0.119 0.    0.    0.123 0.136 0.    0.    0.132
  0.    0.115 0.121 0.   ]
 [0.127 0.    0.    0.138 0.    0.114 0.111 0.    0.    0.139 0.139 0.
  0.111 0.    0.    0.121]
 [0.    0.122 0.137 0.    0.113 0.    0.    0.131 0.125 0.    0.    0.139
  0.    0.123 0.11  0.   ]
 [0.14  0.    0.    0.119 0.    0.118 0.113 0.    0.    0.133 0.134 0.
  0.121 0.    0.    0.122]
 [0.    0.129 0.136 0.    0.118 0.    0.    0.11  0.117 0.    0.    0.134
  0.    0.132 0.124 0.   ]
 [0.113 0.    0.    0.134 0.    0.13  0.121 0.    0.    0.127 0.121 0.
  0.138 0.    0.    0.116]
 [0.    0.127 0.106 0.    0.136 0.    0.    0.133 0.15  0.    0.    0.122
  0.    0.109 0.117 0.   ]
 [0.141 0.    0.    0.115 0.    0.125 0.122 0.    0.    0.13  0.116 0.
  0.122 0.    0.    0.129]
 [0.    0.117 0.117 0.    0.128 0.    0.    0.135 0.117 0.    0.    0.131
  0.    0.127 0.128 0.   ]
 [0.127 0.    0.    0.137 0.    0.119 0.134 0.    0.    0.119 0.122 0.
  0.119 0.    0.    0.123]
 [0.    0.128 0.146 0.    0.112 0.    0.    0.124 0.122 0.    0.    0.134
  0.    0.118 0.116 0.   ]
 [0.131 0.    0.    0.132 0.    0.122 0.12  0.    0.    0.118 0.115 0.
  0.134 0.    0.    0.128]
 [0.    0.129 0.137 0.    0.115 0.    0.    0.149 0.127 0.    0.    0.114
  0.    0.11  0.119 0.   ]
 [0.126 0.    0.    0.139 0.    0.136 0.122 0.    0.    0.102 0.132 0.
  0.115 0.    0.    0.128]
 [0.    0.128 0.112 0.    0.151 0.    0.    0.118 0.123 0.    0.    0.128
  0.    0.113 0.127 0.   ]
 [0.118 0.    0.    0.13  0.    0.126 0.126 0.    0.    0.124 0.122 0.
  0.128 0.    0.    0.126]
 [0.    0.131 0.128 0.    0.12  0.    0.    0.115 0.131 0.    0.    0.139
  0.    0.128 0.108 0.   ]
 [0.141 0.    0.    0.131 0.    0.125 0.108 0.    0.    0.113 0.132 0.
  0.133 0.    0.    0.117]
 [0.    0.12  0.133 0.    0.117 0.    0.    0.118 0.114 0.    0.    0.15
  0.    0.136 0.112 0.   ]
 [0.118 0.    0.    0.134 0.    0.135 0.113 0.    0.    0.127 0.119 0.
  0.124 0.    0.    0.13 ]
 [0.    0.113 0.113 0.    0.113 0.    0.    0.153 0.129 0.    0.    0.129
  0.    0.138 0.112 0.   ]
 [0.134 0.    0.    0.131 0.    0.132 0.121 0.    0.    0.127 0.103 0.
  0.124 0.    0.    0.128]
 [0.    0.128 0.129 0.    0.118 0.    0.    0.132 0.113 0.    0.    0.12
  0.    0.144 0.116 0.   ]
 [0.114 0.    0.    0.119 0.    0.14  0.12  0.    0.    0.116 0.121 0.
  0.128 0.    0.    0.142]
 [0.    0.132 0.116 0.    0.116 0.    0.    0.133 0.139 0.    0.    0.128
  0.    0.129 0.107 0.   ]
 [0.13  0.    0.    0.11  0.    0.127 0.116 0.    0.    0.142 0.127 0.
  0.116 0.    0.    0.132]
 [0.    0.144 0.119 0.    0.108 0.    0.    0.111 0.118 0.    0.    0.139
  0.    0.128 0.133 0.   ]
 [0.118 0.    0.    0.134 0.    0.137 0.127 0.    0.    0.136 0.13  0.
  0.103 0.    0.    0.115]
 [0.    0.14  0.13  0.    0.115 0.    0.    0.114 0.118 0.    0.    0.134
  0.    0.123 0.126 0.   ]
 [0.109 0.    0.    0.134 0.    0.122 0.132 0.    0.    0.129 0.129 0.
  0.115 0.    0.    0.13 ]
 [0.    0.123 0.13  0.    0.11  0.    0.    0.138 0.124 0.    0.    0.124
  0.    0.14  0.111 0.   ]
 [0.127 0.    0.    0.132 0.    0.118 0.112 0.    0.    0.135 0.141 0.
  0.124 0.    0.    0.111]
 [0.    0.126 0.136 0.    0.117 0.    0.    0.124 0.128 0.    0.    0.137
  0.    0.112 0.12  0.   ]
 [0.135 0.    0.    0.125 0.    0.122 0.129 0.    0.    0.127 0.12  0.
  0.117 0.    0.    0.125]
 [0.    0.126 0.107 0.    0.138 0.    0.    0.112 0.137 0.    0.    0.13
  0.    0.122 0.128 0.   ]
 [0.145 0.    0.    0.14  0.    0.111 0.105 0.    0.    0.139 0.111 0.
  0.137 0.    0.    0.112]
 [0.    0.15  0.136 0.    0.119 0.    0.    0.12  0.103 0.    0.    0.132
  0.    0.126 0.114 0.   ]
 [0.137 0.    0.    0.141 0.    0.114 0.106 0.    0.    0.125 0.126 0.
  0.122 0.    0.    0.129]
 [0.    0.105 0.13  0.    0.116 0.    0.    0.125 0.124 0.    0.    0.163
  0.    0.132 0.105 0.   ]
 [0.13  0.    0.    0.093 0.    0.132 0.115 0.    0.    0.123 0.142 0.
  0.112 0.    0.    0.153]
 [0.    0.137 0.114 0.    0.096 0.    0.    0.131 0.112 0.    0.    0.114
  0.    0.129 0.167 0.   ]
 [0.124 0.    0.    0.126 0.    0.124 0.108 0.    0.    0.129 0.112 0.
  0.136 0.    0.    0.141]
 [0.    0.137 0.125 0.    0.102 0.    0.    0.127 0.127 0.    0.    0.117
  0.    0.142 0.123 0.   ]
 [0.116 0.    0.    0.138 0.    0.12  0.118 0.    0.    0.127 0.12  0.
  0.132 0.    0.    0.129]
 [0.    0.116 0.139 0.    0.127 0.    0.    0.102 0.124 0.    0.    0.136
  0.    0.129 0.127 0.   ]
 [0.133 0.    0.    0.135 0.    0.119 0.128 0.    0.    0.119 0.121 0.
  0.13  0.    0.    0.115]
 [0.    0.128 0.139 0.    0.132 0.    0.    0.11  0.125 0.    0.    0.132
  0.    0.112 0.122 0.   ]
 [0.131 0.    0.    0.136 0.    0.11  0.143 0.    0.    0.126 0.124 0.
  0.115 0.    0.    0.115]
 [0.    0.132 0.134 0.    0.117 0.    0.    0.123 0.118 0.    0.    0.131
  0.    0.118 0.127 0.   ]
 [0.128 0.    0.    0.145 0.    0.12  0.14  0.    0.    0.118 0.117 0.
  0.112 0.    0.    0.12 ]
 [0.    0.107 0.145 0.    0.12  0.    0.    0.132 0.111 0.    0.    0.135
  0.    0.134 0.116 0.   ]
 [0.134 0.    0.    0.122 0.    0.123 0.121 0.    0.    0.115 0.115 0.
  0.131 0.    0.    0.139]
 [0.    0.129 0.119 0.    0.128 0.    0.    0.134 0.108 0.    0.    0.118
  0.    0.142 0.122 0.   ]
 [0.12  0.    0.    0.128 0.    0.131 0.109 0.    0.    0.127 0.129 0.
  0.118 0.    0.    0.138]
 [0.    0.131 0.136 0.    0.118 0.    0.    0.122 0.116 0.    0.    0.105
  0.    0.13  0.142 0.   ]
 [0.13  0.    0.    0.12  0.    0.138 0.126 0.    0.    0.125 0.111 0.
  0.118 0.    0.    0.132]
 [0.    0.144 0.11  0.    0.12  0.    0.    0.142 0.114 0.    0.    0.112
  0.    0.12  0.138 0.   ]
 [0.131 0.    0.    0.129 0.    0.135 0.123 0.    0.    0.121 0.113 0.
  0.12  0.    0.    0.128]
 [0.    0.124 0.131 0.    0.118 0.    0.    0.125 0.142 0.    0.    0.097
  0.    0.131 0.132 0.   ]
 [0.135 0.    0.    0.104 0.    0.131 0.113 0.    0.    0.116 0.131 0.
  0.136 0.    0.    0.134]
 [0.    0.125 0.112 0.    0.147 0.    0.    0.117 0.115 0.    0.    0.131
  0.    0.132 0.121 0.   ]
 [0.125 0.    0.    0.13  0.    0.13  0.117 0.    0.    0.127 0.139 0.
  0.114 0.    0.    0.118]
 [0.    0.126 0.129 0.    0.127 0.    0.    0.121 0.13  0.    0.    0.126
  0.    0.114 0.127 0.   ]
 [0.122 0.    0.    0.122 0.    0.12  0.135 0.    0.    0.125 0.139 0.
  0.131 0.    0.    0.106]
 [0.    0.125 0.131 0.    0.137 0.    0.    0.138 0.111 0.    0.    0.123
  0.    0.116 0.119 0.   ]
 [0.131 0.    0.    0.124 0.    0.116 0.122 0.    0.    0.144 0.135 0.
  0.108 0.    0.    0.12 ]
 [0.    0.138 0.124 0.    0.118 0.    0.    0.115 0.108 0.    0.    0.13
  0.    0.14  0.127 0.   ]
 [0.133 0.    0.    0.12  0.    0.142 0.121 0.    0.    0.135 0.117 0.
  0.111 0.    0.    0.121]
 [0.    0.13  0.119 0.    0.118 0.    0.    0.138 0.099 0.    0.    0.136
  0.    0.139 0.121 0.   ]
 [0.131 0.    0.    0.127 0.    0.146 0.107 0.    0.    0.131 0.118 0.
  0.106 0.    0.    0.134]
 [0.    0.147 0.113 0.    0.111 0.    0.    0.136 0.119 0.    0.    0.141
  0.    0.114 0.119 0.   ]
 [0.117 0.    0.    0.114 0.    0.139 0.12  0.    0.    0.127 0.12  0.
  0.102 0.    0.    0.161]
 [0.    0.118 0.122 0.    0.12  0.    0.    0.143 0.105 0.    0.    0.13
  0.    0.138 0.124 0.   ]
 [0.116 0.    0.    0.136 0.    0.116 0.131 0.    0.    0.124 0.113 0.
  0.125 0.    0.    0.139]
 [0.    0.111 0.133 0.    0.111 0.    0.    0.146 0.115 0.    0.    0.132
  0.    0.134 0.118 0.   ]
 [0.117 0.    0.    0.14  0.    0.114 0.116 0.    0.    0.112 0.123 0.
  0.137 0.    0.    0.141]
 [0.    0.117 0.131 0.    0.129 0.    0.    0.145 0.116 0.    0.    0.135
  0.    0.124 0.103 0.   ]
 [0.116 0.    0.    0.127 0.    0.129 0.137 0.    0.    0.139 0.116 0.
  0.114 0.    0.    0.122]
 [0.    0.127 0.125 0.    0.114 0.    0.    0.148 0.127 0.    0.    0.118
  0.    0.117 0.124 0.   ]
 [0.122 0.    0.    0.13  0.    0.125 0.134 0.    0.    0.119 0.121 0.
  0.124 0.    0.    0.125]
 [0.    0.113 0.138 0.    0.122 0.    0.    0.135 0.116 0.    0.    0.126
  0.    0.131 0.119 0.   ]
 [0.126 0.    0.    0.116 0.    0.109 0.124 0.    0.    0.122 0.131 0.
  0.127 0.    0.    0.145]
 [0.    0.118 0.12  0.    0.129 0.    0.    0.111 0.119 0.    0.    0.139
  0.    0.117 0.147 0.   ]
 [0.121 0.    0.    0.106 0.    0.113 0.131 0.    0.    0.136 0.137 0.
  0.144 0.    0.    0.112]
 [0.    0.097 0.103 0.    0.125 0.    0.    0.115 0.138 0.    0.    0.128
  0.    0.143 0.151 0.   ]
 [0.118 0.    0.    0.11  0.    0.125 0.131 0.    0.    0.129 0.128 0.
  0.126 0.    0.    0.133]
 [0.    0.111 0.12  0.    0.137 0.    0.    0.105 0.114 0.    0.    0.137
  0.    0.136 0.14  0.   ]
 [0.102 0.    0.    0.126 0.    0.124 0.125 0.    0.    0.138 0.115 0.
  0.136 0.    0.    0.134]
 [0.    0.125 0.124 0.    0.11  0.    0.    0.124 0.13  0.    0.    0.11
  0.    0.15  0.127 0.   ]
 [0.122 0.    0.    0.116 0.    0.13  0.111 0.    0.    0.122 0.138 0.
  0.111 0.    0.    0.15 ]
 [0.    0.112 0.121 0.    0.127 0.    0.    0.139 0.119 0.    0.    0.118
  0.    0.129 0.135 0.   ]
 [0.135 0.    0.    0.126 0.    0.137 0.139 0.    0.    0.118 0.1   0.
  0.109 0.    0.    0.136]
 [0.    0.151 0.12  0.    0.131 0.    0.    0.128 0.098 0.    0.    0.116
  0.    0.141 0.115 0.   ]
 [0.118 0.    0.    0.131 0.    0.145 0.122 0.    0.    0.146 0.114 0.
  0.105 0.    0.    0.119]
 [0.    0.136 0.12  0.    0.121 0.    0.    0.125 0.117 0.    0.    0.131
  0.    0.14  0.11  0.   ]
 [0.112 0.    0.    0.134 0.    0.126 0.125 0.    0.    0.136 0.116 0.
  0.131 0.    0.    0.12 ]
 [0.    0.124 0.135 0.    0.118 0.    0.    0.125 0.133 0.    0.    0.12
  0.    0.131 0.114 0.   ]
 [0.116 0.    0.    0.139 0.    0.124 0.136 0.    0.    0.121 0.136 0.
  0.115 0.    0.    0.113]
 [0.    0.137 0.146 0.    0.113 0.    0.    0.11  0.117 0.    0.    0.14
  0.    0.106 0.131 0.   ]
 [0.127 0.    0.    0.139 0.    0.119 0.11  0.    0.    0.123 0.143 0.
  0.13  0.    0.    0.109]
 [0.    0.12  0.12  0.    0.125 0.    0.    0.118 0.132 0.    0.    0.124
  0.    0.12  0.141 0.   ]
 [0.124 0.    0.    0.128 0.    0.112 0.124 0.    0.    0.121 0.141 0.
  0.116 0.    0.    0.134]
 [0.    0.121 0.114 0.    0.121 0.    0.    0.114 0.127 0.    0.    0.126
  0.    0.143 0.134 0.   ]
 [0.117 0.    0.    0.114 0.    0.12  0.118 0.    0.    0.134 0.117 0.
  0.143 0.    0.    0.137]
 [0.    0.123 0.112 0.    0.12  0.    0.    0.142 0.13  0.    0.    0.121
  0.    0.124 0.128 0.   ]
 [0.133 0.    0.    0.12  0.    0.132 0.121 0.    0.    0.133 0.126 0.
  0.119 0.    0.    0.116]
 [0.    0.121 0.131 0.    0.126 0.    0.    0.117 0.124 0.    0.    0.13
  0.    0.137 0.114 0.   ]
 [0.124 0.    0.    0.123 0.    0.123 0.128 0.    0.    0.125 0.107 0.
  0.126 0.    0.    0.144]
 [0.    0.142 0.126 0.    0.122 0.    0.    0.117 0.11  0.    0.    0.133
  0.    0.119 0.131 0.   ]
 [0.14  0.    0.    0.118 0.    0.112 0.115 0.    0.    0.122 0.118 0.
  0.14  0.    0.    0.135]
 [0.    0.11  0.127 0.    0.127 0.    0.    0.126 0.124 0.    0.    0.129
  0.    0.127 0.13  0.   ]
 [0.113 0.    0.    0.122 0.    0.136 0.104 0.    0.    0.115 0.14  0.
  0.131 0.    0.    0.139]
 [0.    0.121 0.119 0.    0.107 0.    0.    0.126 0.127 0.    0.    0.131
  0.    0.122 0.147 0.   ]
 [0.121 0.    0.    0.121 0.    0.118 0.122 0.    0.    0.129 0.12  0.
  0.127 0.    0.    0.142]
 [0.    0.115 0.123 0.    0.114 0.    0.    0.141 0.127 0.    0.    0.126
  0.    0.127 0.127 0.   ]
 [0.121 0.    0.    0.106 0.    0.131 0.12  0.    0.    0.122 0.131 0.
  0.123 0.    0.    0.146]
 [0.    0.128 0.128 0.    0.117 0.    0.    0.127 0.119 0.    0.    0.125
  0.    0.11  0.146 0.   ]
 [0.119 0.    0.    0.12  0.    0.139 0.135 0.    0.    0.106 0.126 0.
  0.141 0.    0.    0.114]
 [0.    0.122 0.119 0.    0.137 0.    0.    0.119 0.13  0.    0.    0.12
  0.    0.125 0.128 0.   ]
 [0.133 0.    0.    0.119 0.    0.129 0.127 0.    0.    0.122 0.121 0.
  0.13  0.    0.    0.119]
 [0.    0.129 0.123 0.    0.123 0.    0.    0.118 0.118 0.    0.    0.137
  0.    0.119 0.133 0.   ]
 [0.122 0.    0.    0.135 0.    0.112 0.131 0.    0.    0.121 0.126 0.
  0.122 0.    0.    0.131]
 [0.    0.111 0.113 0.    0.126 0.    0.    0.129 0.129 0.    0.    0.142
  0.    0.103 0.147 0.   ]
 [0.132 0.    0.    0.108 0.    0.112 0.122 0.    0.    0.123 0.135 0.
  0.131 0.    0.    0.137]
 [0.    0.121 0.122 0.    0.118 0.    0.    0.13  0.139 0.    0.    0.124
  0.    0.118 0.128 0.   ]
 [0.123 0.    0.    0.129 0.    0.116 0.134 0.    0.    0.133 0.127 0.
  0.12  0.    0.    0.118]
 [0.    0.126 0.135 0.    0.137 0.    0.    0.114 0.131 0.    0.    0.12
  0.    0.126 0.111 0.   ]
 [0.129 0.    0.    0.135 0.    0.096 0.125 0.    0.    0.122 0.135 0.
  0.133 0.    0.    0.125]
 [0.    0.107 0.136 0.    0.134 0.    0.    0.108 0.136 0.    0.    0.133
  0.    0.114 0.132 0.   ]
 [0.124 0.    0.    0.128 0.    0.115 0.119 0.    0.    0.124 0.125 0.
  0.141 0.    0.    0.124]
 [0.    0.131 0.113 0.    0.136 0.    0.    0.134 0.129 0.    0.    0.118
  0.    0.121 0.118 0.   ]
 [0.114 0.    0.    0.124 0.    0.126 0.132 0.    0.    0.132 0.118 0.
  0.131 0.    0.    0.123]
 [0.    0.134 0.106 0.    0.134 0.    0.    0.121 0.13  0.    0.    0.129
  0.    0.109 0.137 0.   ]
 [0.124 0.    0.    0.103 0.    0.123 0.123 0.    0.    0.145 0.13  0.
  0.115 0.    0.    0.137]
 [0.    0.114 0.124 0.    0.138 0.    0.    0.115 0.126 0.    0.    0.148
  0.    0.128 0.107 0.   ]
 [0.121 0.    0.    0.124 0.    0.132 0.131 0.    0.    0.116 0.125 0.
  0.127 0.    0.    0.124]
 [0.    0.123 0.118 0.    0.118 0.    0.    0.132 0.124 0.    0.    0.128
  0.    0.124 0.133 0.   ]
 [0.132 0.    0.    0.12  0.    0.126 0.137 0.    0.    0.114 0.12  0.
  0.124 0.    0.    0.127]
 [0.    0.117 0.12  0.    0.136 0.    0.    0.135 0.113 0.    0.    0.121
  0.    0.137 0.121 0.   ]
 [0.135 0.    0.    0.138 0.    0.141 0.091 0.    0.    0.105 0.128 0.
  0.129 0.    0.    0.133]
 [0.    0.126 0.119 0.    0.114 0.    0.    0.147 0.148 0.    0.    0.126
  0.    0.109 0.111 0.   ]
 [0.132 0.    0.    0.134 0.    0.118 0.125 0.    0.    0.137 0.137 0.
  0.106 0.    0.    0.111]
 [0.    0.121 0.137 0.    0.098 0.    0.    0.14  0.135 0.    0.    0.125
  0.    0.122 0.122 0.   ]
 [0.127 0.    0.    0.147 0.    0.108 0.13  0.    0.    0.118 0.126 0.
  0.12  0.    0.    0.124]
 [0.    0.117 0.143 0.    0.13  0.    0.    0.113 0.112 0.    0.    0.139
  0.    0.121 0.125 0.   ]
 [0.121 0.    0.    0.111 0.    0.114 0.139 0.    0.    0.121 0.133 0.
  0.138 0.    0.    0.123]
 [0.    0.134 0.11  0.    0.136 0.    0.    0.125 0.127 0.    0.    0.12
  0.    0.13  0.118 0.   ]
 [0.102 0.    0.    0.125 0.    0.133 0.129 0.    0.    0.112 0.131 0.
  0.145 0.    0.    0.123]
 [0.    0.098 0.121 0.    0.122 0.    0.    0.123 0.114 0.    0.    0.153
  0.    0.128 0.141 0.   ]
 [0.103 0.    0.    0.124 0.    0.107 0.133 0.    0.    0.121 0.129 0.
  0.131 0.    0.    0.152]
 [0.    0.108 0.111 0.    0.096 0.    0.    0.141 0.144 0.    0.    0.145
  0.    0.138 0.117 0.   ]
 [0.125 0.    0.    0.119 0.    0.109 0.101 0.    0.    0.141 0.133 0.
  0.118 0.    0.    0.154]
 [0.    0.12  0.117 0.    0.119 0.    0.    0.131 0.129 0.    0.    0.131
  0.    0.128 0.125 0.   ]
 [0.108 0.    0.    0.145 0.    0.13  0.127 0.    0.    0.121 0.125 0.
  0.126 0.    0.    0.118]
 [0.    0.13  0.117 0.    0.125 0.    0.    0.121 0.128 0.    0.    0.128
  0.    0.132 0.119 0.   ]
 [0.154 0.    0.    0.104 0.    0.111 0.113 0.    0.    0.127 0.143 0.
  0.112 0.    0.    0.136]
 [0.    0.115 0.122 0.    0.125 0.    0.    0.12  0.121 0.    0.    0.136
  0.    0.122 0.139 0.   ]
 [0.138 0.    0.    0.114 0.    0.124 0.126 0.    0.    0.117 0.126 0.
  0.133 0.    0.    0.122]
 [0.    0.113 0.139 0.    0.14  0.    0.    0.109 0.114 0.    0.    0.121
  0.    0.121 0.143 0.   ]
 [0.129 0.    0.    0.112 0.    0.1   0.136 0.    0.    0.119 0.132 0.
  0.151 0.    0.    0.121]
 [0.    0.136 0.122 0.    0.126 0.    0.    0.113 0.115 0.    0.    0.135
  0.    0.113 0.14  0.   ]
 [0.12  0.    0.    0.129 0.    0.132 0.127 0.    0.    0.127 0.126 0.
  0.124 0.    0.    0.115]
 [0.    0.12  0.127 0.    0.13  0.    0.    0.115 0.133 0.    0.    0.117
  0.    0.125 0.133 0.   ]
 [0.123 0.    0.    0.137 0.    0.114 0.133 0.    0.    0.126 0.137 0.
  0.114 0.    0.    0.116]
 [0.    0.125 0.146 0.    0.116 0.    0.    0.109 0.147 0.    0.    0.125
  0.    0.113 0.119 0.   ]
 [0.145 0.    0.    0.136 0.    0.097 0.128 0.    0.    0.137 0.112 0.
  0.13  0.    0.    0.115]
 [0.    0.139 0.107 0.    0.135 0.    0.    0.119 0.127 0.    0.    0.133
  0.    0.115 0.125 0.   ]
 [0.143 0.    0.    0.109 0.    0.123 0.112 0.    0.    0.117 0.145 0.
  0.116 0.    0.    0.135]
 [0.    0.113 0.127 0.    0.111 0.    0.    0.125 0.144 0.    0.    0.133
  0.    0.126 0.121 0.   ]
 [0.133 0.    0.    0.122 0.    0.119 0.114 0.    0.    0.123 0.13  0.
  0.139 0.    0.    0.12 ]
 [0.    0.122 0.118 0.    0.124 0.    0.    0.117 0.122 0.    0.    0.127
  0.    0.127 0.143 0.   ]
 [0.12  0.    0.    0.111 0.    0.133 0.122 0.    0.    0.126 0.131 0.
  0.106 0.    0.    0.151]
 [0.    0.109 0.147 0.    0.114 0.    0.    0.136 0.119 0.    0.    0.136
  0.    0.125 0.114 0.   ]
 [0.129 0.    0.    0.126 0.    0.13  0.138 0.    0.    0.112 0.128 0.
  0.126 0.    0.    0.111]
 [0.    0.127 0.15  0.    0.12  0.    0.    0.129 0.118 0.    0.    0.114
  0.    0.127 0.115 0.   ]
 [0.126 0.    0.    0.113 0.    0.121 0.127 0.    0.    0.129 0.128 0.
  0.127 0.    0.    0.129]
 [0.    0.127 0.134 0.    0.129 0.    0.    0.123 0.124 0.    0.    0.115
  0.    0.113 0.135 0.   ]
 [0.13  0.    0.    0.133 0.    0.124 0.123 0.    0.    0.117 0.109 0.
  0.142 0.    0.    0.122]
 [0.    0.125 0.121 0.    0.141 0.    0.    0.136 0.124 0.    0.    0.113
  0.    0.13  0.11  0.   ]
 [0.124 0.    0.    0.118 0.    0.137 0.108 0.    0.    0.137 0.133 0.
  0.124 0.    0.    0.119]
 [0.    0.132 0.113 0.    0.134 0.    0.    0.111 0.13  0.    0.    0.129
  0.    0.121 0.13  0.   ]
 [0.126 0.    0.    0.123 0.    0.128 0.116 0.    0.    0.112 0.125 0.
  0.146 0.    0.    0.124]
 [0.    0.142 0.115 0.    0.134 0.    0.    0.125 0.133 0.    0.    0.119
  0.    0.11  0.122 0.   ]
 [0.144 0.    0.    0.13  0.    0.141 0.113 0.    0.    0.124 0.114 0.
  0.122 0.    0.    0.112]
 [0.    0.139 0.115 0.    0.136 0.    0.    0.11  0.116 0.    0.    0.138
  0.    0.124 0.122 0.   ]
 [0.122 0.    0.    0.124 0.    0.126 0.128 0.    0.    0.126 0.116 0.
  0.135 0.    0.    0.123]
 [0.    0.114 0.109 0.    0.128 0.    0.    0.135 0.136 0.    0.    0.117
  0.    0.136 0.125 0.   ]
 [0.125 0.    0.    0.123 0.    0.134 0.141 0.    0.    0.123 0.116 0.
  0.112 0.    0.    0.126]
 [0.    0.129 0.129 0.    0.149 0.    0.    0.121 0.113 0.    0.    0.118
  0.    0.122 0.119 0.   ]
 [0.143 0.    0.    0.109 0.    0.114 0.133 0.    0.    0.127 0.112 0.
  0.149 0.    0.    0.113]
 [0.    0.128 0.113 0.    0.135 0.    0.    0.112 0.143 0.    0.    0.114
  0.    0.126 0.129 0.   ]
 [0.122 0.    0.    0.117 0.    0.123 0.125 0.    0.    0.129 0.123 0.
  0.135 0.    0.    0.126]
 [0.    0.103 0.13  0.    0.132 0.    0.    0.125 0.129 0.    0.    0.136
  0.    0.132 0.113 0.   ]
 [0.111 0.    0.    0.125 0.    0.12  0.123 0.    0.    0.132 0.133 0.
  0.145 0.    0.    0.111]
 [0.    0.122 0.124 0.    0.106 0.    0.    0.126 0.126 0.    0.    0.123
  0.    0.124 0.149 0.   ]
 [0.113 0.    0.    0.124 0.    0.118 0.116 0.    0.    0.153 0.128 0.
  0.121 0.    0.    0.127]
 [0.    0.118 0.123 0.    0.121 0.    0.    0.137 0.119 0.    0.    0.128
  0.    0.126 0.128 0.   ]
 [0.118 0.    0.    0.125 0.    0.136 0.14  0.    0.    0.112 0.13  0.
  0.119 0.    0.    0.12 ]
 [0.    0.13  0.125 0.    0.127 0.    0.    0.138 0.116 0.    0.    0.134
  0.    0.127 0.103 0.   ]
 [0.13  0.    0.    0.148 0.    0.122 0.12  0.    0.    0.104 0.112 0.
  0.135 0.    0.    0.129]
 [0.    0.14  0.136 0.    0.11  0.    0.    0.145 0.136 0.    0.    0.107
  0.    0.126 0.1   0.   ]
 [0.14  0.    0.    0.13  0.    0.138 0.112 0.    0.    0.111 0.109 0.
  0.133 0.    0.    0.127]
 [0.    0.131 0.126 0.    0.119 0.    0.    0.124 0.138 0.    0.    0.105
  0.    0.128 0.129 0.   ]
 [0.14  0.    0.    0.129 0.    0.13  0.118 0.    0.    0.115 0.133 0.
  0.12  0.    0.    0.115]
 [0.    0.131 0.133 0.    0.12  0.    0.    0.124 0.119 0.    0.    0.131
  0.    0.128 0.114 0.   ]
 [0.126 0.    0.    0.126 0.    0.126 0.124 0.    0.    0.125 0.128 0.
  0.125 0.    0.    0.12 ]
 [0.    0.114 0.114 0.    0.139 0.    0.    0.116 0.132 0.    0.    0.141
  0.    0.128 0.116 0.   ]
 [0.125 0.    0.    0.122 0.    0.125 0.117 0.    0.    0.118 0.124 0.
  0.143 0.    0.    0.126]
 [0.    0.116 0.12  0.    0.139 0.    0.    0.119 0.129 0.    0.    0.119
  0.    0.134 0.124 0.   ]
 [0.116 0.    0.    0.129 0.    0.129 0.117 0.    0.    0.131 0.104 0.
  0.135 0.    0.    0.139]
 [0.    0.129 0.128 0.    0.119 0.    0.    0.129 0.121 0.    0.    0.129
  0.    0.124 0.121 0.   ]
 [0.125 0.    0.    0.137 0.    0.129 0.105 0.    0.    0.111 0.125 0.
  0.132 0.    0.    0.136]
 [0.    0.107 0.137 0.    0.13  0.    0.    0.127 0.125 0.    0.    0.127
  0.    0.13  0.117 0.   ]
 [0.114 0.    0.    0.131 0.    0.125 0.115 0.    0.    0.14  0.138 0.
  0.116 0.    0.    0.121]
 [0.    0.139 0.12  0.    0.116 0.    0.    0.124 0.123 0.    0.    0.124
  0.    0.115 0.139 0.   ]
 [0.128 0.    0.    0.12  0.    0.127 0.118 0.    0.    0.125 0.127 0.
  0.129 0.    0.    0.126]
 [0.    0.131 0.111 0.    0.121 0.    0.    0.127 0.137 0.    0.    0.131
  0.    0.124 0.118 0.   ]
 [0.127 0.    0.    0.11  0.    0.118 0.126 0.    0.    0.133 0.119 0.
  0.134 0.    0.    0.133]
 [0.    0.141 0.125 0.    0.126 0.    0.    0.118 0.13  0.    0.    0.097
  0.    0.12  0.143 0.   ]
 [0.137 0.    0.    0.128 0.    0.133 0.123 0.    0.    0.115 0.14  0.
  0.113 0.    0.    0.111]
 [0.    0.117 0.126 0.    0.129 0.    0.    0.127 0.129 0.    0.    0.118
  0.    0.129 0.125 0.   ]
 [0.144 0.    0.    0.106 0.    0.109 0.115 0.    0.    0.124 0.138 0.
  0.13  0.    0.    0.134]
 [0.    0.131 0.135 0.    0.127 0.    0.    0.117 0.107 0.    0.    0.135
  0.    0.119 0.129 0.   ]
 [0.129 0.    0.    0.127 0.    0.116 0.118 0.    0.    0.128 0.122 0.
  0.133 0.    0.    0.127]
 [0.    0.112 0.122 0.    0.112 0.    0.    0.134 0.132 0.    0.    0.117
  0.    0.135 0.136 0.   ]
 [0.122 0.    0.    0.129 0.    0.106 0.127 0.    0.    0.126 0.117 0.
  0.142 0.    0.    0.131]
 [0.    0.124 0.119 0.    0.111 0.    0.    0.115 0.127 0.    0.    0.119
  0.    0.13  0.155 0.   ]
 [0.127 0.    0.    0.118 0.    0.14  0.122 0.    0.    0.123 0.124 0.
  0.126 0.    0.    0.12 ]
 [0.    0.124 0.107 0.    0.138 0.    0.    0.133 0.132 0.    0.    0.118
  0.    0.121 0.127 0.   ]
 [0.134 0.    0.    0.117 0.    0.134 0.116 0.    0.    0.118 0.116 0.
  0.141 0.    0.    0.124]
 [0.    0.117 0.122 0.    0.144 0.    0.    0.129 0.13  0.    0.    0.114
  0.    0.129 0.115 0.   ]
 [0.128 0.    0.    0.125 0.    0.129 0.126 0.    0.    0.119 0.124 0.
  0.148 0.    0.    0.101]
 [0.    0.135 0.119 0.    0.143 0.    0.    0.115 0.119 0.    0.    0.11
  0.    0.132 0.127 0.   ]
 [0.127 0.    0.    0.116 0.    0.133 0.141 0.    0.    0.12  0.115 0.
  0.127 0.    0.    0.121]
 [0.    0.115 0.125 0.    0.129 0.    0.    0.119 0.144 0.    0.    0.125
  0.    0.124 0.119 0.   ]
 [0.132 0.    0.    0.129 0.    0.12  0.108 0.    0.    0.124 0.123 0.
  0.125 0.    0.    0.139]
 [0.    0.119 0.116 0.    0.116 0.    0.    0.134 0.129 0.    0.    0.125
  0.    0.124 0.137 0.   ]
 [0.123 0.    0.    0.113 0.    0.126 0.123 0.    0.    0.119 0.145 0.
  0.136 0.    0.    0.115]
 [0.    0.115 0.127 0.    0.128 0.    0.    0.112 0.135 0.    0.    0.132
  0.    0.115 0.136 0.   ]
 [0.122 0.    0.    0.116 0.    0.111 0.125 0.    0.    0.107 0.141 0.
  0.138 0.    0.    0.14 ]
 [0.    0.096 0.124 0.    0.137 0.    0.    0.131 0.118 0.    0.    0.135
  0.    0.109 0.15  0.   ]
 [0.116 0.    0.    0.127 0.    0.112 0.133 0.    0.    0.109 0.134 0.
  0.135 0.    0.    0.134]
 [0.    0.119 0.118 0.    0.128 0.    0.    0.12  0.129 0.    0.    0.126
  0.    0.133 0.127 0.   ]
 [0.133 0.    0.    0.124 0.    0.121 0.128 0.    0.    0.103 0.125 0.
  0.129 0.    0.    0.137]
 [0.    0.117 0.125 0.    0.124 0.    0.    0.129 0.129 0.    0.    0.123
  0.    0.113 0.14  0.   ]
 [0.116 0.    0.    0.129 0.    0.144 0.126 0.    0.    0.108 0.124 0.
  0.124 0.    0.    0.129]
 [0.    0.118 0.125 0.    0.12  0.    0.    0.145 0.121 0.    0.    0.118
  0.    0.14  0.113 0.   ]
 [0.112 0.    0.    0.125 0.    0.129 0.149 0.    0.    0.12  0.121 0.
  0.111 0.    0.    0.133]
 [0.    0.114 0.133 0.    0.13  0.    0.    0.122 0.118 0.    0.    0.119
  0.    0.143 0.121 0.   ]
 [0.12  0.    0.    0.132 0.    0.113 0.11  0.    0.    0.131 0.118 0.
  0.14  0.    0.    0.136]
 [0.    0.113 0.133 0.    0.135 0.    0.    0.109 0.127 0.    0.    0.124
  0.    0.146 0.113 0.   ]
 [0.124 0.    0.    0.14  0.    0.122 0.127 0.    0.    0.123 0.101 0.
  0.133 0.    0.    0.13 ]
 [0.    0.125 0.13  0.    0.105 0.    0.    0.137 0.121 0.    0.    0.124
  0.    0.13  0.128 0.   ]
 [0.121 0.    0.    0.137 0.    0.129 0.115 0.    0.    0.121 0.134 0.
  0.112 0.    0.    0.131]
 [0.    0.134 0.138 0.    0.117 0.    0.    0.129 0.113 0.    0.    0.119
  0.    0.134 0.116 0.   ]
 [0.128 0.    0.    0.139 0.    0.12  0.13  0.    0.    0.124 0.124 0.
  0.114 0.    0.    0.121]
 [0.    0.121 0.142 0.    0.127 0.    0.    0.124 0.114 0.    0.    0.138
  0.    0.131 0.103 0.   ]
 [0.104 0.    0.    0.137 0.    0.127 0.142 0.    0.    0.141 0.108 0.
  0.131 0.    0.    0.11 ]
 [0.    0.152 0.113 0.    0.117 0.    0.    0.117 0.129 0.    0.    0.132
  0.    0.117 0.123 0.   ]
 [0.126 0.    0.    0.131 0.    0.127 0.117 0.    0.    0.124 0.113 0.
  0.12  0.    0.    0.142]
 [0.    0.14  0.115 0.    0.123 0.    0.    0.134 0.134 0.    0.    0.111
  0.    0.129 0.114 0.   ]
 [0.138 0.    0.    0.117 0.    0.134 0.131 0.    0.    0.116 0.118 0.
  0.116 0.    0.    0.13 ]
 [0.    0.124 0.126 0.    0.135 0.    0.    0.12  0.117 0.    0.    0.124
  0.    0.13  0.124 0.   ]
 [0.12  0.    0.    0.112 0.    0.132 0.132 0.    0.    0.11  0.143 0.
  0.127 0.    0.    0.124]
 [0.    0.119 0.139 0.    0.128 0.    0.    0.124 0.143 0.    0.    0.112
  0.    0.119 0.116 0.   ]
 [0.127 0.    0.    0.121 0.    0.114 0.12  0.    0.    0.117 0.142 0.
  0.138 0.    0.    0.121]
 [0.    0.122 0.144 0.    0.131 0.    0.    0.116 0.129 0.    0.    0.124
  0.    0.115 0.119 0.   ]
 [0.134 0.    0.    0.107 0.    0.112 0.137 0.    0.    0.127 0.139 0.
  0.12  0.    0.    0.124]
 [0.    0.123 0.11  0.    0.117 0.    0.    0.137 0.13  0.    0.    0.128
  0.    0.122 0.133 0.   ]
 [0.137 0.    0.    0.116 0.    0.12  0.134 0.    0.    0.123 0.114 0.
  0.113 0.    0.    0.143]
 [0.    0.122 0.139 0.    0.106 0.    0.    0.123 0.121 0.    0.    0.129
  0.    0.126 0.134 0.   ]
 [0.121 0.    0.    0.133 0.    0.121 0.133 0.    0.    0.134 0.12  0.
  0.1   0.    0.    0.138]
 [0.    0.125 0.122 0.    0.138 0.    0.    0.131 0.126 0.    0.    0.121
  0.    0.11  0.127 0.   ]
 [0.12  0.    0.    0.132 0.    0.112 0.128 0.    0.    0.127 0.121 0.
  0.123 0.    0.    0.137]
 [0.    0.127 0.121 0.    0.121 0.    0.    0.132 0.126 0.    0.    0.121
  0.    0.121 0.131 0.   ]
 [0.129 0.    0.    0.116 0.    0.127 0.151 0.    0.    0.126 0.112 0.
  0.124 0.    0.    0.115]
 [0.    0.124 0.132 0.    0.14  0.    0.    0.125 0.117 0.    0.    0.094
  0.    0.122 0.146 0.   ]
 [0.145 0.    0.    0.093 0.    0.135 0.123 0.    0.    0.124 0.117 0.
  0.141 0.    0.    0.122]
 [0.    0.116 0.112 0.    0.145 0.    0.    0.107 0.133 0.    0.    0.116
  0.    0.144 0.127 0.   ]
 [0.126 0.    0.    0.113 0.    0.129 0.133 0.    0.    0.117 0.111 0.
  0.141 0.    0.    0.13 ]
 [0.    0.115 0.121 0.    0.132 0.    0.    0.125 0.112 0.    0.    0.123
  0.    0.139 0.133 0.   ]
 [0.119 0.    0.    0.123 0.    0.109 0.145 0.    0.    0.117 0.119 0.
  0.127 0.    0.    0.141]
 [0.    0.124 0.131 0.    0.135 0.    0.    0.12  0.117 0.    0.    0.12
  0.    0.121 0.132 0.   ]
 [0.124 0.    0.    0.115 0.    0.118 0.145 0.    0.    0.131 0.114 0.
  0.13  0.    0.    0.123]
 [0.    0.137 0.121 0.    0.128 0.    0.    0.108 0.131 0.    0.    0.123
  0.    0.109 0.143 0.   ]
 [0.12  0.    0.    0.13  0.    0.114 0.132 0.    0.    0.126 0.12  0.
  0.14  0.    0.    0.118]
 [0.    0.118 0.122 0.    0.13  0.    0.    0.125 0.122 0.    0.    0.126
  0.    0.127 0.13  0.   ]
 [0.114 0.    0.    0.123 0.    0.129 0.141 0.    0.    0.128 0.129 0.
  0.123 0.    0.    0.113]
 [0.    0.117 0.127 0.    0.124 0.    0.    0.129 0.141 0.    0.    0.115
  0.    0.133 0.114 0.   ]
 [0.118 0.    0.    0.134 0.    0.112 0.129 0.    0.    0.133 0.12  0.
  0.126 0.    0.    0.128]
 [0.    0.132 0.117 0.    0.122 0.    0.    0.11  0.132 0.    0.    0.138
  0.    0.112 0.137 0.   ]
 [0.124 0.    0.    0.125 0.    0.119 0.114 0.    0.    0.122 0.14  0.
  0.129 0.    0.    0.127]
 [0.    0.118 0.125 0.    0.138 0.    0.    0.13  0.118 0.    0.    0.12
  0.    0.122 0.129 0.   ]
 [0.131 0.    0.    0.121 0.    0.13  0.129 0.    0.    0.12  0.115 0.
  0.129 0.    0.    0.125]
 [0.    0.13  0.104 0.    0.142 0.    0.    0.135 0.127 0.    0.    0.113
  0.    0.124 0.125 0.   ]
 [0.12  0.    0.    0.114 0.    0.14  0.14  0.    0.    0.134 0.108 0.
  0.128 0.    0.    0.116]
 [0.    0.116 0.11  0.    0.134 0.    0.    0.136 0.117 0.    0.    0.139
  0.    0.119 0.129 0.   ]
 [0.129 0.    0.    0.111 0.    0.138 0.13  0.    0.    0.123 0.115 0.
  0.116 0.    0.    0.138]
 [0.    0.133 0.126 0.    0.122 0.    0.    0.121 0.113 0.    0.    0.119
  0.    0.138 0.128 0.   ]
 [0.116 0.    0.    0.127 0.    0.116 0.114 0.    0.    0.133 0.128 0.
  0.131 0.    0.    0.135]
 [0.    0.11  0.111 0.    0.134 0.    0.    0.117 0.131 0.    0.    0.117
  0.    0.148 0.132 0.   ]
 [0.142 0.    0.    0.12  0.    0.12  0.117 0.    0.    0.119 0.127 0.
  0.136 0.    0.    0.119]
 [0.    0.131 0.119 0.    0.14  0.    0.    0.11  0.13  0.    0.    0.125
  0.    0.126 0.119 0.   ]
 [0.128 0.    0.    0.126 0.    0.124 0.126 0.    0.    0.134 0.112 0.
  0.127 0.    0.    0.123]
 [0.    0.114 0.124 0.    0.127 0.    0.    0.131 0.113 0.    0.    0.127
  0.    0.128 0.136 0.   ]
 [0.118 0.    0.    0.118 0.    0.133 0.135 0.    0.    0.129 0.112 0.
  0.116 0.    0.    0.139]
 [0.    0.12  0.121 0.    0.123 0.    0.    0.146 0.129 0.    0.    0.118
  0.    0.134 0.109 0.   ]
 [0.109 0.    0.    0.138 0.    0.132 0.123 0.    0.    0.135 0.11  0.
  0.141 0.    0.    0.112]
 [0.    0.126 0.117 0.    0.129 0.    0.    0.129 0.126 0.    0.    0.12
  0.    0.134 0.119 0.   ]
 [0.126 0.    0.    0.113 0.    0.132 0.142 0.    0.    0.127 0.115 0.
  0.123 0.    0.    0.122]
 [0.    0.12  0.13  0.    0.14  0.    0.    0.13  0.113 0.    0.    0.113
  0.    0.121 0.133 0.   ]
 [0.136 0.    0.    0.124 0.    0.133 0.125 0.    0.    0.117 0.131 0.
  0.123 0.    0.    0.111]
 [0.    0.119 0.112 0.    0.14  0.    0.    0.123 0.148 0.    0.    0.115
  0.    0.115 0.128 0.   ]
 [0.125 0.    0.    0.11  0.    0.14  0.123 0.    0.    0.127 0.126 0.
  0.151 0.    0.    0.098]
 [0.    0.13  0.117 0.    0.141 0.    0.    0.123 0.127 0.    0.    0.115
  0.    0.123 0.124 0.   ]
 [0.122 0.    0.    0.122 0.    0.123 0.118 0.    0.    0.131 0.13  0.
  0.138 0.    0.    0.116]
 [0.    0.12  0.113 0.    0.14  0.    0.    0.112 0.121 0.    0.    0.126
  0.    0.134 0.134 0.   ]
 [0.138 0.    0.    0.113 0.    0.126 0.117 0.    0.    0.126 0.125 0.
  0.13  0.    0.    0.125]
 [0.    0.112 0.124 0.    0.109 0.    0.    0.121 0.143 0.    0.    0.151
  0.    0.126 0.114 0.   ]
 [0.121 0.    0.    0.124 0.    0.114 0.107 0.    0.    0.13  0.151 0.
  0.134 0.    0.    0.119]
 [0.    0.12  0.137 0.    0.115 0.    0.    0.113 0.149 0.    0.    0.132
  0.    0.114 0.12  0.   ]
 [0.137 0.    0.    0.12  0.    0.119 0.126 0.    0.    0.136 0.131 0.
  0.113 0.    0.    0.118]
 [0.    0.14  0.135 0.    0.113 0.    0.    0.124 0.124 0.    0.    0.12
  0.    0.117 0.127 0.   ]
 [0.129 0.    0.    0.118 0.    0.14  0.118 0.    0.    0.132 0.147 0.
  0.098 0.    0.    0.118]
 [0.    0.142 0.125 0.    0.117 0.    0.    0.131 0.126 0.    0.    0.126
  0.    0.107 0.126 0.   ]
 [0.119 0.    0.    0.151 0.    0.116 0.117 0.    0.    0.123 0.127 0.
  0.121 0.    0.    0.126]
 [0.    0.127 0.114 0.    0.115 0.    0.    0.143 0.128 0.    0.    0.142
  0.    0.101 0.13  0.   ]
 [0.138 0.    0.    0.131 0.    0.103 0.122 0.    0.    0.12  0.119 0.
  0.125 0.    0.    0.142]
 [0.    0.142 0.11  0.    0.126 0.    0.    0.111 0.127 0.    0.    0.138
  0.    0.11  0.136 0.   ]
 [0.117 0.    0.    0.125 0.    0.113 0.135 0.    0.    0.137 0.134 0.
  0.128 0.    0.    0.111]
 [0.    0.102 0.137 0.    0.128 0.    0.    0.118 0.14  0.    0.    0.136
  0.    0.132 0.107 0.   ]
 [0.115 0.    0.    0.132 0.    0.104 0.113 0.    0.    0.121 0.121 0.
  0.15  0.    0.    0.144]
 [0.    0.107 0.142 0.    0.112 0.    0.    0.133 0.124 0.    0.    0.139
  0.    0.11  0.133 0.   ]
 [0.119 0.    0.    0.132 0.    0.12  0.142 0.    0.    0.113 0.131 0.
  0.128 0.    0.    0.115]
 [0.    0.118 0.12  0.    0.109 0.    0.    0.132 0.12  0.    0.    0.135
  0.    0.126 0.14  0.   ]
 [0.11  0.    0.    0.117 0.    0.135 0.114 0.    0.    0.142 0.132 0.
  0.115 0.    0.    0.135]
 [0.    0.112 0.125 0.    0.11  0.    0.    0.139 0.119 0.    0.    0.134
  0.    0.127 0.134 0.   ]
 [0.121 0.    0.    0.138 0.    0.109 0.128 0.    0.    0.127 0.126 0.
  0.117 0.    0.    0.134]
 [0.    0.133 0.131 0.    0.105 0.    0.    0.12  0.126 0.    0.    0.133
  0.    0.119 0.133 0.   ]
 [0.125 0.    0.    0.133 0.    0.11  0.129 0.    0.    0.128 0.137 0.
  0.102 0.    0.    0.136]
 [0.    0.11  0.121 0.    0.122 0.    0.    0.128 0.125 0.    0.    0.159
  0.    0.105 0.13  0.   ]
 [0.126 0.    0.    0.128 0.    0.1   0.116 0.    0.    0.098 0.138 0.
  0.143 0.    0.    0.151]
 [0.    0.116 0.12  0.    0.12  0.    0.    0.127 0.13  0.    0.    0.126
  0.    0.12  0.141 0.   ]
 [0.127 0.    0.    0.132 0.    0.118 0.135 0.    0.    0.112 0.116 0.
  0.129 0.    0.    0.131]
 [0.    0.124 0.129 0.    0.122 0.    0.    0.129 0.137 0.    0.    0.121
  0.    0.108 0.13  0.   ]
 [0.133 0.    0.    0.118 0.    0.143 0.108 0.    0.    0.113 0.14  0.
  0.123 0.    0.    0.122]
 [0.    0.121 0.141 0.    0.128 0.    0.    0.132 0.12  0.    0.    0.114
  0.    0.116 0.128 0.   ]
 [0.123 0.    0.    0.131 0.    0.118 0.135 0.    0.    0.111 0.124 0.
  0.129 0.    0.    0.129]
 [0.    0.118 0.141 0.    0.12  0.    0.    0.139 0.115 0.    0.    0.107
  0.    0.129 0.131 0.   ]
 [0.133 0.    0.    0.112 0.    0.136 0.133 0.    0.    0.111 0.123 0.
  0.129 0.    0.    0.123]
 [0.    0.117 0.118 0.    0.139 0.    0.    0.128 0.14  0.    0.    0.109
  0.    0.124 0.125 0.   ]
 [0.131 0.    0.    0.115 0.    0.128 0.121 0.    0.    0.115 0.119 0.
  0.13  0.    0.    0.141]
 [0.    0.129 0.113 0.    0.14  0.    0.    0.142 0.102 0.    0.    0.126
  0.    0.129 0.119 0.   ]
 [0.117 0.    0.    0.141 0.    0.141 0.13  0.    0.    0.123 0.103 0.
  0.123 0.    0.    0.122]
 [0.    0.127 0.135 0.    0.122 0.    0.    0.124 0.109 0.    0.    0.125
  0.    0.129 0.129 0.   ]
 [0.125 0.    0.    0.126 0.    0.12  0.115 0.    0.    0.116 0.146 0.
  0.125 0.    0.    0.127]
 [0.    0.107 0.126 0.    0.135 0.    0.    0.131 0.115 0.    0.    0.131
  0.    0.117 0.138 0.   ]
 [0.122 0.    0.    0.121 0.    0.139 0.122 0.    0.    0.108 0.138 0.
  0.129 0.    0.    0.121]
 [0.    0.116 0.135 0.    0.128 0.    0.    0.129 0.128 0.    0.    0.118
  0.    0.131 0.115 0.   ]
 [0.129 0.    0.    0.142 0.    0.117 0.125 0.    0.    0.112 0.107 0.
  0.132 0.    0.    0.136]
 [0.    0.122 0.12  0.    0.129 0.    0.    0.137 0.136 0.    0.    0.115
  0.    0.13  0.111 0.   ]
 [0.119 0.    0.    0.136 0.    0.129 0.117 0.    0.    0.117 0.129 0.
  0.132 0.    0.    0.121]
 [0.    0.125 0.127 0.    0.127 0.    0.    0.116 0.133 0.    0.    0.119
  0.    0.124 0.129 0.   ]
 [0.137 0.    0.    0.108 0.    0.123 0.113 0.    0.    0.134 0.137 0.
  0.114 0.    0.    0.134]
 [0.    0.135 0.13  0.    0.119 0.    0.    0.118 0.122 0.    0.    0.116
  0.    0.129 0.131 0.   ]
 [0.121 0.    0.    0.124 0.    0.115 0.141 0.    0.    0.129 0.127 0.
  0.118 0.    0.    0.125]
 [0.    0.119 0.125 0.    0.122 0.    0.    0.134 0.116 0.    0.    0.141
  0.    0.124 0.119 0.   ]
 [0.123 0.    0.    0.135 0.    0.117 0.119 0.    0.    0.135 0.122 0.
  0.122 0.    0.    0.127]
 [0.    0.132 0.122 0.    0.116 0.    0.    0.114 0.14  0.    0.    0.126
  0.    0.126 0.124 0.   ]
 [0.121 0.    0.    0.123 0.    0.126 0.128 0.    0.    0.124 0.132 0.
  0.133 0.    0.    0.113]
 [0.    0.114 0.122 0.    0.14  0.    0.    0.108 0.131 0.    0.    0.125
  0.    0.141 0.119 0.   ]
 [0.123 0.    0.    0.119 0.    0.135 0.123 0.    0.    0.12  0.124 0.
  0.131 0.    0.    0.125]
 [0.    0.108 0.113 0.    0.135 0.    0.    0.143 0.111 0.    0.    0.136
  0.    0.127 0.127 0.   ]
 [0.123 0.    0.    0.126 0.    0.123 0.118 0.    0.    0.131 0.109 0.
  0.143 0.    0.    0.127]
 [0.    0.123 0.118 0.    0.124 0.    0.    0.114 0.128 0.    0.    0.106
  0.    0.149 0.138 0.   ]
 [0.129 0.    0.    0.126 0.    0.129 0.112 0.    0.    0.123 0.127 0.
  0.136 0.    0.    0.118]
 [0.    0.117 0.12  0.    0.129 0.    0.    0.122 0.115 0.    0.    0.138
  0.    0.124 0.135 0.   ]
 [0.124 0.    0.    0.132 0.    0.125 0.118 0.    0.    0.105 0.129 0.
  0.136 0.    0.    0.131]
 [0.    0.101 0.133 0.    0.122 0.    0.    0.135 0.123 0.    0.    0.137
  0.    0.123 0.126 0.   ]
 [0.12  0.    0.    0.119 0.    0.133 0.135 0.    0.    0.127 0.113 0.
  0.125 0.    0.    0.128]
 [0.    0.135 0.12  0.    0.108 0.    0.    0.128 0.119 0.    0.    0.132
  0.    0.132 0.126 0.   ]
 [0.13  0.    0.    0.14  0.    0.113 0.119 0.    0.    0.134 0.108 0.
  0.131 0.    0.    0.125]
 [0.    0.124 0.116 0.    0.125 0.    0.    0.131 0.12  0.    0.    0.135
  0.    0.121 0.128 0.   ]
 [0.111 0.    0.    0.146 0.    0.103 0.14  0.    0.    0.119 0.142 0.
  0.122 0.    0.    0.117]
 [0.    0.139 0.144 0.    0.104 0.    0.    0.13  0.126 0.    0.    0.128
  0.    0.107 0.122 0.   ]
 [0.14  0.    0.    0.128 0.    0.105 0.125 0.    0.    0.123 0.134 0.
  0.115 0.    0.    0.13 ]
 [0.    0.129 0.12  0.    0.119 0.    0.    0.118 0.133 0.    0.    0.132
  0.    0.129 0.12  0.   ]
 [0.133 0.    0.    0.112 0.    0.125 0.114 0.    0.    0.11  0.142 0.
  0.138 0.    0.    0.126]
 [0.    0.115 0.123 0.    0.112 0.    0.    0.125 0.13  0.    0.    0.124
  0.    0.133 0.138 0.   ]
 [0.118 0.    0.    0.119 0.    0.119 0.135 0.    0.    0.121 0.122 0.
  0.13  0.    0.    0.136]
 [0.    0.109 0.129 0.    0.126 0.    0.    0.124 0.124 0.    0.    0.136
  0.    0.128 0.124 0.   ]
 [0.121 0.    0.    0.132 0.    0.118 0.129 0.    0.    0.125 0.137 0.
  0.114 0.    0.    0.124]
 [0.    0.118 0.119 0.    0.132 0.    0.    0.118 0.139 0.    0.    0.131
  0.    0.111 0.132 0.   ]
 [0.11  0.    0.    0.142 0.    0.126 0.117 0.    0.    0.139 0.127 0.
  0.128 0.    0.    0.111]
 [0.    0.148 0.128 0.    0.121 0.    0.    0.118 0.119 0.    0.    0.119
  0.    0.121 0.126 0.   ]
 [0.11  0.    0.    0.136 0.    0.152 0.11  0.    0.    0.131 0.124 0.
  0.12  0.    0.    0.117]
 [0.    0.13  0.124 0.    0.138 0.    0.    0.116 0.099 0.    0.    0.129
  0.    0.138 0.126 0.   ]
 [0.132 0.    0.    0.14  0.    0.131 0.13  0.    0.    0.11  0.111 0.
  0.12  0.    0.    0.126]
 [0.    0.136 0.139 0.    0.106 0.    0.    0.14  0.111 0.    0.    0.111
  0.    0.133 0.124 0.   ]
 [0.119 0.    0.    0.15  0.    0.129 0.118 0.    0.    0.109 0.103 0.
  0.12  0.    0.    0.152]
 [0.    0.12  0.121 0.    0.111 0.    0.    0.145 0.118 0.    0.    0.123
  0.    0.131 0.131 0.   ]
 [0.126 0.    0.    0.102 0.    0.141 0.127 0.    0.    0.118 0.135 0.
  0.128 0.    0.    0.123]
 [0.    0.14  0.111 0.    0.13  0.    0.    0.132 0.135 0.    0.    0.09
  0.    0.136 0.126 0.   ]
 [0.129 0.    0.    0.138 0.    0.136 0.119 0.    0.    0.127 0.099 0.
  0.141 0.    0.    0.111]
 [0.    0.144 0.116 0.    0.126 0.    0.    0.117 0.131 0.    0.    0.125
  0.    0.129 0.112 0.   ]
 [0.129 0.    0.    0.124 0.    0.131 0.128 0.    0.    0.137 0.105 0.
  0.123 0.    0.    0.123]
 [0.    0.137 0.112 0.    0.106 0.    0.    0.143 0.13  0.    0.    0.123
  0.    0.135 0.114 0.   ]
 [0.106 0.    0.    0.159 0.    0.133 0.104 0.    0.    0.119 0.106 0.
  0.143 0.    0.    0.13 ]
 [0.    0.119 0.111 0.    0.125 0.    0.    0.129 0.114 0.    0.    0.129
  0.    0.137 0.136 0.   ]
 [0.131 0.    0.    0.113 0.    0.141 0.122 0.    0.    0.131 0.123 0.
  0.124 0.    0.    0.115]
 [0.    0.115 0.129 0.    0.132 0.    0.    0.113 0.119 0.    0.    0.139
  0.    0.133 0.12  0.   ]
 [0.122 0.    0.    0.125 0.    0.13  0.128 0.    0.    0.124 0.129 0.
  0.112 0.    0.    0.13 ]
 [0.    0.123 0.13  0.    0.137 0.    0.    0.099 0.123 0.    0.    0.129
  0.    0.13  0.129 0.   ]
 [0.123 0.    0.    0.118 0.    0.128 0.123 0.    0.    0.135 0.133 0.
  0.129 0.    0.    0.111]
 [0.    0.128 0.127 0.    0.113 0.    0.    0.136 0.144 0.    0.    0.11
  0.    0.123 0.119 0.   ]
 [0.13  0.    0.    0.123 0.    0.108 0.147 0.    0.    0.126 0.122 0.
  0.127 0.    0.    0.117]
 [0.    0.134 0.118 0.    0.122 0.    0.    0.126 0.129 0.    0.    0.114
  0.    0.126 0.131 0.   ]
 [0.139 0.    0.    0.125 0.    0.143 0.113 0.    0.    0.125 0.109 0.
  0.119 0.    0.    0.127]
 [0.    0.123 0.135 0.    0.126 0.    0.    0.133 0.115 0.    0.    0.1
  0.    0.149 0.119 0.   ]
 [0.116 0.    0.    0.126 0.    0.129 0.118 0.    0.    0.134 0.122 0.
  0.131 0.    0.    0.124]
 [0.    0.138 0.115 0.    0.13  0.    0.    0.121 0.117 0.    0.    0.123
  0.    0.133 0.123 0.   ]
 [0.109 0.    0.    0.127 0.    0.117 0.133 0.    0.    0.124 0.14  0.
  0.141 0.    0.    0.109]
 [0.    0.109 0.12  0.    0.139 0.    0.    0.116 0.13  0.    0.    0.121
  0.    0.133 0.132 0.   ]
 [0.141 0.    0.    0.121 0.    0.114 0.112 0.    0.    0.12  0.121 0.
  0.141 0.    0.    0.13 ]
 [0.    0.131 0.117 0.    0.131 0.    0.    0.132 0.134 0.    0.    0.114
  0.    0.12  0.121 0.   ]
 [0.125 0.    0.    0.118 0.    0.125 0.116 0.    0.    0.129 0.114 0.
  0.15  0.    0.    0.123]
 [0.    0.115 0.127 0.    0.124 0.    0.    0.13  0.124 0.    0.    0.126
  0.    0.129 0.125 0.   ]
 [0.12  0.    0.    0.131 0.    0.121 0.125 0.    0.    0.113 0.131 0.
  0.134 0.    0.    0.125]
 [0.    0.107 0.128 0.    0.118 0.    0.    0.128 0.128 0.    0.    0.125
  0.    0.133 0.133 0.   ]
 [0.119 0.    0.    0.141 0.    0.128 0.135 0.    0.    0.106 0.134 0.
  0.108 0.    0.    0.129]
 [0.    0.113 0.144 0.    0.125 0.    0.    0.135 0.113 0.    0.    0.124
  0.    0.113 0.133 0.   ]
 [0.125 0.    0.    0.12  0.    0.123 0.131 0.    0.    0.13  0.124 0.
  0.12  0.    0.    0.127]
 [0.    0.111 0.123 0.    0.123 0.    0.    0.127 0.118 0.    0.    0.136
  0.    0.133 0.129 0.   ]
 [0.121 0.    0.    0.132 0.    0.128 0.122 0.    0.    0.099 0.13  0.
  0.131 0.    0.    0.137]
 [0.    0.103 0.121 0.    0.116 0.    0.    0.123 0.134 0.    0.    0.13
  0.    0.14  0.133 0.   ]
 [0.109 0.    0.    0.128 0.    0.134 0.099 0.    0.    0.125 0.14  0.
  0.14  0.    0.    0.125]
 [0.    0.122 0.118 0.    0.115 0.    0.    0.141 0.141 0.    0.    0.117
  0.    0.127 0.119 0.   ]
 [0.109 0.    0.    0.127 0.    0.127 0.137 0.    0.    0.132 0.107 0.
  0.12  0.    0.    0.141]
 [0.    0.125 0.111 0.    0.132 0.    0.    0.135 0.109 0.    0.    0.143
  0.    0.127 0.118 0.   ]
 [0.118 0.    0.    0.129 0.    0.14  0.11  0.    0.    0.105 0.129 0.
  0.133 0.    0.    0.136]
 [0.    0.127 0.119 0.    0.128 0.    0.    0.119 0.131 0.    0.    0.139
  0.    0.133 0.104 0.   ]
 [0.125 0.    0.    0.129 0.    0.116 0.108 0.    0.    0.121 0.138 0.
  0.133 0.    0.    0.13 ]
 [0.    0.13  0.12  0.    0.127 0.    0.    0.111 0.124 0.    0.    0.112
  0.    0.139 0.137 0.   ]
 [0.142 0.    0.    0.108 0.    0.124 0.118 0.    0.    0.116 0.14  0.
  0.135 0.    0.    0.117]
 [0.    0.114 0.126 0.    0.142 0.    0.    0.118 0.134 0.    0.    0.123
  0.    0.114 0.129 0.   ]
 [0.124 0.    0.    0.133 0.    0.131 0.129 0.    0.    0.123 0.128 0.
  0.126 0.    0.    0.106]
 [0.    0.123 0.121 0.    0.146 0.    0.    0.111 0.13  0.    0.    0.126
  0.    0.123 0.12  0.   ]
 [0.119 0.    0.    0.13  0.    0.113 0.12  0.    0.    0.121 0.138 0.
  0.133 0.    0.    0.126]
 [0.    0.112 0.123 0.    0.116 0.    0.    0.13  0.142 0.    0.    0.111
  0.    0.135 0.131 0.   ]
 [0.114 0.    0.    0.111 0.    0.135 0.136 0.    0.    0.142 0.12  0.
  0.131 0.    0.    0.111]
 [0.    0.115 0.105 0.    0.143 0.    0.    0.144 0.136 0.    0.    0.137
  0.    0.112 0.108 0.   ]
 [0.119 0.    0.    0.129 0.    0.146 0.125 0.    0.    0.116 0.139 0.
  0.114 0.    0.    0.112]
 [0.    0.117 0.125 0.    0.122 0.    0.    0.148 0.13  0.    0.    0.12
  0.    0.112 0.126 0.   ]
 [0.118 0.    0.    0.126 0.    0.133 0.125 0.    0.    0.121 0.132 0.
  0.116 0.    0.    0.129]
 [0.    0.113 0.12  0.    0.137 0.    0.    0.117 0.12  0.    0.    0.123
  0.    0.133 0.137 0.   ]
 [0.116 0.    0.    0.111 0.    0.132 0.14  0.    0.    0.126 0.121 0.
  0.125 0.    0.    0.129]
 [0.    0.124 0.105 0.    0.145 0.    0.    0.126 0.12  0.    0.    0.14
  0.    0.107 0.133 0.   ]
 [0.112 0.    0.    0.124 0.    0.136 0.117 0.    0.    0.125 0.114 0.
  0.132 0.    0.    0.14 ]
 [0.    0.134 0.121 0.    0.135 0.    0.    0.107 0.112 0.    0.    0.141
  0.    0.13  0.12  0.   ]
 [0.135 0.    0.    0.125 0.    0.125 0.125 0.    0.    0.135 0.131 0.
  0.106 0.    0.    0.118]
 [0.    0.141 0.127 0.    0.129 0.    0.    0.106 0.129 0.    0.    0.122
  0.    0.113 0.133 0.   ]
 [0.138 0.    0.    0.128 0.    0.124 0.118 0.    0.    0.125 0.126 0.
  0.111 0.    0.    0.13 ]
 [0.    0.127 0.133 0.    0.094 0.    0.    0.129 0.135 0.    0.    0.145
  0.    0.111 0.126 0.   ]
 [0.124 0.    0.    0.146 0.    0.126 0.116 0.    0.    0.12  0.13  0.
  0.129 0.    0.    0.109]
 [0.    0.146 0.13  0.    0.099 0.    0.    0.12  0.124 0.    0.    0.107
  0.    0.126 0.148 0.   ]
 [0.142 0.    0.    0.124 0.    0.129 0.11  0.    0.    0.117 0.116 0.
  0.118 0.    0.    0.144]
 [0.    0.136 0.116 0.    0.119 0.    0.    0.142 0.112 0.    0.    0.101
  0.    0.146 0.128 0.   ]
 [0.112 0.    0.    0.115 0.    0.142 0.131 0.    0.    0.12  0.106 0.
  0.143 0.    0.    0.131]
 [0.    0.123 0.107 0.    0.134 0.    0.    0.136 0.113 0.    0.    0.136
  0.    0.123 0.128 0.   ]
 [0.113 0.    0.    0.125 0.    0.141 0.13  0.    0.    0.122 0.118 0.
  0.118 0.    0.    0.133]
 [0.    0.128 0.125 0.    0.127 0.    0.    0.126 0.112 0.    0.    0.134
  0.    0.114 0.134 0.   ]
 [0.127 0.    0.    0.135 0.    0.109 0.115 0.    0.    0.117 0.141 0.
  0.12  0.    0.    0.136]
 [0.    0.131 0.122 0.    0.109 0.    0.    0.124 0.128 0.    0.    0.124
  0.    0.121 0.141 0.   ]
 [0.126 0.    0.    0.127 0.    0.136 0.126 0.    0.    0.126 0.126 0.
  0.122 0.    0.    0.111]
 [0.    0.138 0.143 0.    0.136 0.    0.    0.123 0.111 0.    0.    0.111
  0.    0.109 0.129 0.   ]
 [0.136 0.    0.    0.124 0.    0.128 0.114 0.    0.    0.117 0.122 0.
  0.141 0.    0.    0.118]
 [0.    0.126 0.125 0.    0.133 0.    0.    0.118 0.133 0.    0.    0.117
  0.    0.139 0.109 0.   ]
 [0.13  0.    0.    0.107 0.    0.132 0.129 0.    0.    0.144 0.119 0.
  0.132 0.    0.    0.107]
 [0.    0.118 0.119 0.    0.125 0.    0.    0.13  0.127 0.    0.    0.127
  0.    0.117 0.137 0.   ]
 [0.104 0.    0.    0.131 0.    0.128 0.138 0.    0.    0.139 0.122 0.
  0.121 0.    0.    0.117]
 [0.    0.128 0.131 0.    0.119 0.    0.    0.137 0.125 0.    0.    0.119
  0.    0.118 0.123 0.   ]
 [0.118 0.    0.    0.147 0.    0.127 0.132 0.    0.    0.115 0.129 0.
  0.121 0.    0.    0.111]
 [0.    0.109 0.134 0.    0.124 0.    0.    0.123 0.136 0.    0.    0.118
  0.    0.126 0.13  0.   ]
 [0.112 0.    0.    0.135 0.    0.116 0.122 0.    0.    0.127 0.136 0.
  0.124 0.    0.    0.128]
 [0.    0.144 0.144 0.    0.106 0.    0.    0.12  0.102 0.    0.    0.122
  0.    0.125 0.137 0.   ]
 [0.126 0.    0.    0.113 0.    0.125 0.112 0.    0.    0.133 0.145 0.
  0.122 0.    0.    0.124]
 [0.    0.13  0.127 0.    0.121 0.    0.    0.138 0.121 0.    0.    0.129
  0.    0.121 0.113 0.   ]
 [0.12  0.    0.    0.138 0.    0.135 0.133 0.    0.    0.131 0.127 0.
  0.11  0.    0.    0.106]
 [0.    0.136 0.122 0.    0.136 0.    0.    0.129 0.134 0.    0.    0.122
  0.    0.114 0.107 0.   ]
 [0.126 0.    0.    0.127 0.    0.142 0.123 0.    0.    0.118 0.123 0.
  0.127 0.    0.    0.114]
 [0.    0.133 0.105 0.    0.132 0.    0.    0.123 0.123 0.    0.    0.128
  0.    0.12  0.136 0.   ]
 [0.127 0.    0.    0.13  0.    0.126 0.128 0.    0.    0.124 0.128 0.
  0.137 0.    0.    0.1  ]
 [0.    0.114 0.134 0.    0.128 0.    0.    0.123 0.134 0.    0.    0.101
  0.    0.126 0.14  0.   ]
 [0.121 0.    0.    0.132 0.    0.137 0.114 0.    0.    0.13  0.118 0.
  0.137 0.    0.    0.111]
 [0.    0.126 0.141 0.    0.125 0.    0.    0.097 0.137 0.    0.    0.11
  0.    0.138 0.126 0.   ]
 [0.139 0.    0.    0.112 0.    0.12  0.124 0.    0.    0.123 0.126 0.
  0.136 0.    0.    0.12 ]
 [0.    0.125 0.136 0.    0.115 0.    0.    0.126 0.131 0.    0.    0.126
  0.    0.121 0.12  0.   ]
 [0.127 0.    0.    0.147 0.    0.124 0.107 0.    0.    0.114 0.124 0.
  0.121 0.    0.    0.136]
 [0.    0.115 0.131 0.    0.128 0.    0.    0.141 0.122 0.    0.    0.134
  0.    0.116 0.113 0.   ]
 [0.113 0.    0.    0.129 0.    0.11  0.144 0.    0.    0.124 0.118 0.
  0.126 0.    0.    0.136]
 [0.    0.116 0.133 0.    0.111 0.    0.    0.128 0.118 0.    0.    0.128
  0.    0.127 0.139 0.   ]
 [0.123 0.    0.    0.124 0.    0.129 0.138 0.    0.    0.121 0.11  0.
  0.132 0.    0.    0.123]
 [0.    0.128 0.127 0.    0.119 0.    0.    0.123 0.13  0.    0.    0.12
  0.    0.12  0.133 0.   ]
 [0.137 0.    0.    0.135 0.    0.124 0.12  0.    0.    0.13  0.123 0.
  0.124 0.    0.    0.107]
 [0.    0.117 0.133 0.    0.127 0.    0.    0.121 0.128 0.    0.    0.144
  0.    0.111 0.119 0.   ]
 [0.138 0.    0.    0.13  0.    0.115 0.131 0.    0.    0.113 0.149 0.
  0.103 0.    0.    0.121]
 [0.    0.127 0.124 0.    0.117 0.    0.    0.125 0.121 0.    0.    0.132
  0.    0.126 0.128 0.   ]
 [0.125 0.    0.    0.127 0.    0.112 0.128 0.    0.    0.115 0.134 0.
  0.118 0.    0.    0.141]
 [0.    0.124 0.133 0.    0.128 0.    0.    0.113 0.135 0.    0.    0.12
  0.    0.119 0.128 0.   ]
 [0.145 0.    0.    0.114 0.    0.122 0.112 0.    0.    0.123 0.136 0.
  0.129 0.    0.    0.119]
 [0.    0.108 0.137 0.    0.152 0.    0.    0.121 0.127 0.    0.    0.135
  0.    0.117 0.103 0.   ]
 [0.141 0.    0.    0.127 0.    0.127 0.123 0.    0.    0.113 0.109 0.
  0.127 0.    0.    0.133]
 [0.    0.117 0.126 0.    0.138 0.    0.    0.115 0.128 0.    0.    0.116
  0.    0.124 0.136 0.   ]
 [0.122 0.    0.    0.116 0.    0.121 0.136 0.    0.    0.122 0.128 0.
  0.132 0.    0.    0.123]
 [0.    0.12  0.114 0.    0.135 0.    0.    0.123 0.128 0.    0.    0.12
  0.    0.126 0.134 0.   ]
 [0.121 0.    0.    0.132 0.    0.137 0.126 0.    0.    0.112 0.121 0.
  0.129 0.    0.    0.122]
 [0.    0.127 0.128 0.    0.121 0.    0.    0.136 0.111 0.    0.    0.121
  0.    0.119 0.137 0.   ]
 [0.104 0.    0.    0.119 0.    0.123 0.128 0.    0.    0.122 0.126 0.
  0.149 0.    0.    0.129]
 [0.    0.108 0.107 0.    0.108 0.    0.    0.128 0.133 0.    0.    0.139
  0.    0.14  0.137 0.   ]
 [0.101 0.    0.    0.123 0.    0.139 0.111 0.    0.    0.117 0.138 0.
  0.145 0.    0.    0.126]
 [0.    0.134 0.122 0.    0.128 0.    0.    0.136 0.124 0.    0.    0.106
  0.    0.119 0.131 0.   ]
 [0.114 0.    0.    0.116 0.    0.121 0.139 0.    0.    0.129 0.132 0.
  0.121 0.    0.    0.128]
 [0.    0.125 0.127 0.    0.121 0.    0.    0.128 0.124 0.    0.    0.111
  0.    0.125 0.139 0.   ]
 [0.108 0.    0.    0.132 0.    0.12  0.139 0.    0.    0.126 0.117 0.
  0.135 0.    0.    0.123]
 [0.    0.116 0.115 0.    0.109 0.    0.    0.135 0.138 0.    0.    0.135
  0.    0.128 0.124 0.   ]
 [0.127 0.    0.    0.133 0.    0.118 0.113 0.    0.    0.131 0.129 0.
  0.119 0.    0.    0.13 ]
 [0.    0.125 0.143 0.    0.123 0.    0.    0.123 0.123 0.    0.    0.142
  0.    0.108 0.113 0.   ]
 [0.114 0.    0.    0.147 0.    0.107 0.121 0.    0.    0.118 0.142 0.
  0.119 0.    0.    0.132]
 [0.    0.123 0.123 0.    0.115 0.    0.    0.13  0.137 0.    0.    0.124
  0.    0.126 0.122 0.   ]
 [0.127 0.    0.    0.122 0.    0.111 0.134 0.    0.    0.123 0.123 0.
  0.131 0.    0.    0.129]
 [0.    0.107 0.122 0.    0.119 0.    0.    0.135 0.128 0.    0.    0.134
  0.    0.121 0.134 0.   ]
 [0.113 0.    0.    0.132 0.    0.118 0.123 0.    0.    0.111 0.148 0.
  0.127 0.    0.    0.128]
 [0.    0.114 0.121 0.    0.113 0.    0.    0.135 0.143 0.    0.    0.142
  0.    0.1   0.132 0.   ]
 [0.108 0.    0.    0.116 0.    0.117 0.122 0.    0.    0.119 0.153 0.
  0.131 0.    0.    0.134]
 [0.    0.118 0.133 0.    0.121 0.    0.    0.11  0.133 0.    0.    0.126
  0.    0.126 0.133 0.   ]
 [0.135 0.    0.    0.113 0.    0.112 0.129 0.    0.    0.127 0.145 0.
  0.125 0.    0.    0.114]
 [0.    0.115 0.134 0.    0.129 0.    0.    0.123 0.131 0.    0.    0.138
  0.    0.114 0.116 0.   ]
 [0.113 0.    0.    0.134 0.    0.114 0.127 0.    0.    0.139 0.13  0.
  0.124 0.    0.    0.119]
 [0.    0.138 0.12  0.    0.107 0.    0.    0.135 0.118 0.    0.    0.135
  0.    0.117 0.13  0.   ]
 [0.117 0.    0.    0.161 0.    0.109 0.144 0.    0.    0.107 0.127 0.
  0.113 0.    0.    0.122]
 [0.    0.116 0.147 0.    0.106 0.    0.    0.153 0.122 0.    0.    0.129
  0.    0.11  0.117 0.   ]
 [0.127 0.    0.    0.132 0.    0.119 0.137 0.    0.    0.128 0.138 0.
  0.097 0.    0.    0.122]
 [0.    0.131 0.127 0.    0.135 0.    0.    0.134 0.122 0.    0.    0.123
  0.    0.102 0.126 0.   ]
 [0.12  0.    0.    0.142 0.    0.137 0.114 0.    0.    0.128 0.123 0.
  0.12  0.    0.    0.116]
 [0.    0.128 0.124 0.    0.111 0.    0.    0.13  0.133 0.    0.    0.131
  0.    0.119 0.124 0.   ]
 [0.131 0.    0.    0.131 0.    0.125 0.1   0.    0.    0.125 0.136 0.
  0.117 0.    0.    0.135]
 [0.    0.108 0.133 0.    0.127 0.    0.    0.123 0.142 0.    0.    0.126
  0.    0.141 0.1   0.   ]
 [0.113 0.    0.    0.146 0.    0.123 0.125 0.    0.    0.124 0.136 0.
  0.132 0.    0.    0.101]
 [0.    0.139 0.143 0.    0.118 0.    0.    0.109 0.127 0.    0.    0.126
  0.    0.122 0.116 0.   ]
 [0.132 0.    0.    0.13  0.    0.121 0.136 0.    0.    0.121 0.137 0.
  0.118 0.    0.    0.105]
 [0.    0.138 0.13  0.    0.132 0.    0.    0.132 0.141 0.    0.    0.115
  0.    0.107 0.105 0.   ]
 [0.146 0.    0.    0.115 0.    0.12  0.134 0.    0.    0.128 0.124 0.
  0.115 0.    0.    0.118]
 [0.    0.125 0.119 0.    0.138 0.    0.    0.124 0.122 0.    0.    0.118
  0.    0.129 0.125 0.   ]
 [0.149 0.    0.    0.111 0.    0.132 0.112 0.    0.    0.125 0.125 0.
  0.118 0.    0.    0.128]
 [0.    0.12  0.135 0.    0.127 0.    0.    0.119 0.135 0.    0.    0.127
  0.    0.12  0.117 0.   ]
 [0.144 0.    0.    0.121 0.    0.114 0.117 0.    0.    0.138 0.124 0.
  0.118 0.    0.    0.124]
 [0.    0.116 0.116 0.    0.124 0.    0.    0.12  0.135 0.    0.    0.129
  0.    0.13  0.13  0.   ]
 [0.122 0.    0.    0.116 0.    0.135 0.122 0.    0.    0.136 0.124 0.
  0.129 0.    0.    0.116]
 [0.    0.132 0.116 0.    0.14  0.    0.    0.112 0.115 0.    0.    0.118
  0.    0.127 0.14  0.   ]
 [0.133 0.    0.    0.121 0.    0.11  0.125 0.    0.    0.131 0.118 0.
  0.146 0.    0.    0.116]
 [0.    0.122 0.116 0.    0.15  0.    0.    0.118 0.139 0.    0.    0.121
  0.    0.112 0.122 0.   ]
 [0.132 0.    0.    0.108 0.    0.134 0.131 0.    0.    0.121 0.134 0.
  0.128 0.    0.    0.112]
 [0.    0.138 0.103 0.    0.132 0.    0.    0.12  0.107 0.    0.    0.13
  0.    0.143 0.127 0.   ]
 [0.113 0.    0.    0.13  0.    0.134 0.131 0.    0.    0.136 0.12  0.
  0.133 0.    0.    0.103]
 [0.    0.125 0.124 0.    0.129 0.    0.    0.128 0.12  0.    0.    0.115
  0.    0.133 0.126 0.   ]
 [0.128 0.    0.    0.137 0.    0.12  0.124 0.    0.    0.114 0.116 0.
  0.127 0.    0.    0.134]
 [0.    0.131 0.13  0.    0.132 0.    0.    0.133 0.112 0.    0.    0.126
  0.    0.133 0.103 0.   ]
 [0.145 0.    0.    0.128 0.    0.11  0.135 0.    0.    0.126 0.111 0.
  0.113 0.    0.    0.132]
 [0.    0.116 0.148 0.    0.135 0.    0.    0.118 0.112 0.    0.    0.115
  0.    0.127 0.129 0.   ]
 [0.114 0.    0.    0.126 0.    0.134 0.139 0.    0.    0.123 0.112 0.
  0.119 0.    0.    0.133]
 [0.    0.138 0.119 0.    0.117 0.    0.    0.131 0.105 0.    0.    0.117
  0.    0.133 0.14  0.   ]
 [0.118 0.    0.    0.112 0.    0.128 0.116 0.    0.    0.119 0.142 0.
  0.114 0.    0.    0.151]
 [0.    0.11  0.117 0.    0.13  0.    0.    0.143 0.122 0.    0.    0.146
  0.    0.12  0.112 0.   ]
 [0.11  0.    0.    0.139 0.    0.119 0.128 0.    0.    0.119 0.107 0.
  0.164 0.    0.    0.114]
 [0.    0.106 0.121 0.    0.139 0.    0.    0.138 0.141 0.    0.    0.109
  0.    0.126 0.12  0.   ]
 [0.119 0.    0.    0.111 0.    0.145 0.137 0.    0.    0.121 0.114 0.
  0.129 0.    0.    0.124]
 [0.    0.12  0.123 0.    0.132 0.    0.    0.128 0.129 0.    0.    0.105
  0.    0.128 0.135 0.   ]
 [0.114 0.    0.    0.133 0.    0.13  0.123 0.    0.    0.113 0.108 0.
  0.161 0.    0.    0.118]
 [0.    0.104 0.124 0.    0.156 0.    0.    0.13  0.11  0.    0.    0.114
  0.    0.134 0.128 0.   ]
 [0.134 0.    0.    0.118 0.    0.149 0.125 0.    0.    0.112 0.098 0.
  0.132 0.    0.    0.132]
 [0.    0.137 0.113 0.    0.148 0.    0.    0.119 0.122 0.    0.    0.1
  0.    0.126 0.135 0.   ]
 [0.131 0.    0.    0.119 0.    0.129 0.131 0.    0.    0.132 0.112 0.
  0.126 0.    0.    0.12 ]
 [0.    0.136 0.134 0.    0.135 0.    0.    0.12  0.11  0.    0.    0.118
  0.    0.126 0.121 0.   ]
 [0.143 0.    0.    0.135 0.    0.125 0.115 0.    0.    0.122 0.122 0.
  0.115 0.    0.    0.123]
 [0.    0.136 0.131 0.    0.122 0.    0.    0.133 0.126 0.    0.    0.123
  0.    0.114 0.115 0.   ]
 [0.12  0.    0.    0.131 0.    0.116 0.16  0.    0.    0.135 0.123 0.
  0.115 0.    0.    0.1  ]
 [0.    0.122 0.134 0.    0.124 0.    0.    0.125 0.116 0.    0.    0.122
  0.    0.126 0.131 0.   ]
 [0.131 0.    0.    0.137 0.    0.116 0.132 0.    0.    0.115 0.128 0.
  0.109 0.    0.    0.132]
 [0.    0.13  0.119 0.    0.133 0.    0.    0.13  0.113 0.    0.    0.144
  0.    0.115 0.116 0.   ]
 [0.12  0.    0.    0.141 0.    0.122 0.107 0.    0.    0.135 0.12  0.
  0.114 0.    0.    0.141]
 [0.    0.122 0.111 0.    0.126 0.    0.    0.133 0.109 0.    0.    0.148
  0.    0.122 0.129 0.   ]
 [0.112 0.    0.    0.127 0.    0.138 0.133 0.    0.    0.125 0.116 0.
  0.13  0.    0.    0.119]
 [0.    0.133 0.12  0.    0.118 0.    0.    0.114 0.127 0.    0.    0.127
  0.    0.136 0.125 0.   ]
 [0.131 0.    0.    0.128 0.    0.117 0.12  0.    0.    0.144 0.12  0.
  0.116 0.    0.    0.124]
 [0.    0.139 0.097 0.    0.115 0.    0.    0.137 0.127 0.    0.    0.135
  0.    0.135 0.115 0.   ]
 [0.12  0.    0.    0.116 0.    0.138 0.128 0.    0.    0.135 0.107 0.
  0.112 0.    0.    0.144]
 [0.    0.115 0.114 0.    0.132 0.    0.    0.127 0.112 0.    0.    0.137
  0.    0.118 0.145 0.   ]
 [0.111 0.    0.    0.136 0.    0.135 0.146 0.    0.    0.129 0.112 0.
  0.116 0.    0.    0.115]
 [0.    0.145 0.112 0.    0.115 0.    0.    0.132 0.117 0.    0.    0.134
  0.    0.125 0.12  0.   ]
 [0.134 0.    0.    0.13  0.    0.12  0.118 0.    0.    0.118 0.132 0.
  0.123 0.    0.    0.125]
 [0.    0.128 0.135 0.    0.11  0.    0.    0.116 0.122 0.    0.    0.138
  0.    0.12  0.131 0.   ]
 [0.126 0.    0.    0.117 0.    0.117 0.133 0.    0.    0.128 0.122 0.
  0.127 0.    0.    0.13 ]
 [0.    0.129 0.122 0.    0.136 0.    0.    0.13  0.123 0.    0.    0.128
  0.    0.116 0.116 0.   ]
 [0.129 0.    0.    0.116 0.    0.129 0.133 0.    0.    0.125 0.133 0.
  0.11  0.    0.    0.125]
 [0.    0.129 0.124 0.    0.13  0.    0.    0.129 0.125 0.    0.    0.121
  0.    0.113 0.129 0.   ]
 [0.127 0.    0.    0.128 0.    0.149 0.123 0.    0.    0.124 0.114 0.
  0.106 0.    0.    0.129]
 [0.    0.131 0.134 0.    0.128 0.    0.    0.14  0.123 0.    0.    0.117
  0.    0.123 0.104 0.   ]
 [0.121 0.    0.    0.123 0.    0.141 0.117 0.    0.    0.126 0.12  0.
  0.122 0.    0.    0.13 ]
 [0.    0.114 0.113 0.    0.14  0.    0.    0.138 0.107 0.    0.    0.126
  0.    0.135 0.127 0.   ]
 [0.117 0.    0.    0.114 0.    0.14  0.143 0.    0.    0.121 0.131 0.
  0.111 0.    0.    0.123]
 [0.    0.119 0.108 0.    0.127 0.    0.    0.137 0.131 0.    0.    0.132
  0.    0.121 0.125 0.   ]
 [0.121 0.    0.    0.132 0.    0.129 0.121 0.    0.    0.124 0.138 0.
  0.119 0.    0.    0.116]
 [0.    0.123 0.132 0.    0.128 0.    0.    0.122 0.127 0.    0.    0.122
  0.    0.127 0.119 0.   ]
 [0.13  0.    0.    0.13  0.    0.122 0.129 0.    0.    0.128 0.117 0.
  0.122 0.    0.    0.122]
 [0.    0.134 0.125 0.    0.134 0.    0.    0.122 0.124 0.    0.    0.123
  0.    0.126 0.112 0.   ]
 [0.131 0.    0.    0.125 0.    0.118 0.103 0.    0.    0.141 0.115 0.
  0.134 0.    0.    0.133]
 [0.    0.133 0.114 0.    0.127 0.    0.    0.119 0.147 0.    0.    0.127
  0.    0.117 0.116 0.   ]
 [0.141 0.    0.    0.117 0.    0.134 0.113 0.    0.    0.123 0.118 0.
  0.126 0.    0.    0.128]
 [0.    0.144 0.125 0.    0.13  0.    0.    0.115 0.115 0.    0.    0.111
  0.    0.12  0.14  0.   ]
 [0.128 0.    0.    0.122 0.    0.13  0.137 0.    0.    0.113 0.121 0.
  0.121 0.    0.    0.128]
 [0.    0.112 0.135 0.    0.127 0.    0.    0.131 0.132 0.    0.    0.12
  0.    0.122 0.121 0.   ]
 [0.141 0.    0.    0.119 0.    0.115 0.13  0.    0.    0.126 0.12  0.
  0.121 0.    0.    0.128]
 [0.    0.125 0.137 0.    0.116 0.    0.    0.143 0.11  0.    0.    0.117
  0.    0.129 0.123 0.   ]
 [0.132 0.    0.    0.113 0.    0.128 0.134 0.    0.    0.116 0.121 0.
  0.121 0.    0.    0.135]
 [0.    0.13  0.122 0.    0.137 0.    0.    0.116 0.116 0.    0.    0.112
  0.    0.128 0.139 0.   ]
 [0.12  0.    0.    0.111 0.    0.129 0.13  0.    0.    0.114 0.132 0.
  0.133 0.    0.    0.131]
 [0.    0.135 0.13  0.    0.121 0.    0.    0.134 0.123 0.    0.    0.117
  0.    0.102 0.138 0.   ]
 [0.133 0.    0.    0.116 0.    0.123 0.148 0.    0.    0.116 0.134 0.
  0.115 0.    0.    0.115]
 [0.    0.127 0.128 0.    0.139 0.    0.    0.139 0.118 0.    0.    0.114
  0.    0.122 0.113 0.   ]
 [0.127 0.    0.    0.111 0.    0.146 0.129 0.    0.    0.133 0.125 0.
  0.113 0.    0.    0.116]
 [0.    0.135 0.132 0.    0.129 0.    0.    0.121 0.114 0.    0.    0.134
  0.    0.118 0.117 0.   ]
 [0.143 0.    0.    0.123 0.    0.128 0.129 0.    0.    0.124 0.124 0.
  0.119 0.    0.    0.11 ]
 [0.    0.148 0.149 0.    0.113 0.    0.    0.11  0.134 0.    0.    0.125
  0.    0.1   0.121 0.   ]
 [0.143 0.    0.    0.113 0.    0.113 0.117 0.    0.    0.137 0.125 0.
  0.13  0.    0.    0.122]
 [0.    0.129 0.127 0.    0.134 0.    0.    0.121 0.126 0.    0.    0.114
  0.    0.129 0.12  0.   ]
 [0.138 0.    0.    0.122 0.    0.126 0.125 0.    0.    0.107 0.109 0.
  0.144 0.    0.    0.129]
 [0.    0.119 0.129 0.    0.135 0.    0.    0.13  0.119 0.    0.    0.109
  0.    0.128 0.131 0.   ]
 [0.126 0.    0.    0.114 0.    0.124 0.119 0.    0.    0.122 0.143 0.
  0.122 0.    0.    0.13 ]
 [0.    0.127 0.135 0.    0.119 0.    0.    0.119 0.119 0.    0.    0.127
  0.    0.143 0.111 0.   ]
 [0.113 0.    0.    0.136 0.    0.142 0.106 0.    0.    0.126 0.125 0.
  0.125 0.    0.    0.127]
 [0.    0.121 0.119 0.    0.11  0.    0.    0.134 0.139 0.    0.    0.122
  0.    0.141 0.114 0.   ]
 [0.112 0.    0.    0.106 0.    0.135 0.126 0.    0.    0.124 0.134 0.
  0.11  0.    0.    0.153]
 [0.    0.13  0.125 0.    0.131 0.    0.    0.125 0.122 0.    0.    0.118
  0.    0.132 0.117 0.   ]
 [0.138 0.    0.    0.126 0.    0.121 0.11  0.    0.    0.137 0.108 0.
  0.124 0.    0.    0.136]
 [0.    0.127 0.126 0.    0.116 0.    0.    0.124 0.11  0.    0.    0.15
  0.    0.126 0.121 0.   ]
 [0.123 0.    0.    0.13  0.    0.128 0.126 0.    0.    0.13  0.117 0.
  0.125 0.    0.    0.121]
 [0.    0.119 0.129 0.    0.133 0.    0.    0.125 0.122 0.    0.    0.135
  0.    0.121 0.116 0.   ]
 [0.121 0.    0.    0.131 0.    0.125 0.124 0.    0.    0.13  0.133 0.
  0.112 0.    0.    0.124]
 [0.    0.122 0.11  0.    0.111 0.    0.    0.135 0.135 0.    0.    0.142
  0.    0.123 0.122 0.   ]
 [0.125 0.    0.    0.113 0.    0.129 0.1   0.    0.    0.125 0.139 0.
  0.115 0.    0.    0.154]
 [0.    0.13  0.121 0.    0.115 0.    0.    0.118 0.129 0.    0.    0.133
  0.    0.129 0.125 0.   ]
 [0.129 0.    0.    0.108 0.    0.117 0.121 0.    0.    0.125 0.14  0.
  0.122 0.    0.    0.138]
 [0.    0.128 0.118 0.    0.127 0.    0.    0.118 0.122 0.    0.    0.137
  0.    0.121 0.129 0.   ]
 [0.125 0.    0.    0.131 0.    0.126 0.127 0.    0.    0.118 0.134 0.
  0.124 0.    0.    0.115]
 [0.    0.124 0.126 0.    0.126 0.    0.    0.124 0.117 0.    0.    0.134
  0.    0.122 0.127 0.   ]
 [0.118 0.    0.    0.132 0.    0.115 0.111 0.    0.    0.124 0.14  0.
  0.123 0.    0.    0.137]
 [0.    0.139 0.12  0.    0.118 0.    0.    0.116 0.126 0.    0.    0.12
  0.    0.13  0.131 0.   ]
 [0.129 0.    0.    0.116 0.    0.132 0.13  0.    0.    0.118 0.117 0.
  0.133 0.    0.    0.125]
 [0.    0.136 0.124 0.    0.131 0.    0.    0.117 0.129 0.    0.    0.098
  0.    0.132 0.133 0.   ]
 [0.137 0.    0.    0.116 0.    0.117 0.13  0.    0.    0.124 0.14  0.
  0.117 0.    0.    0.119]
 [0.    0.138 0.131 0.    0.131 0.    0.    0.11  0.134 0.    0.    0.132
  0.    0.102 0.122 0.   ]
 [0.111 0.    0.    0.133 0.    0.115 0.117 0.    0.    0.135 0.142 0.
  0.128 0.    0.    0.119]
 [0.    0.133 0.126 0.    0.136 0.    0.    0.103 0.139 0.    0.    0.125
  0.    0.122 0.116 0.   ]
 [0.147 0.    0.    0.113 0.    0.134 0.124 0.    0.    0.117 0.131 0.
  0.118 0.    0.    0.116]
 [0.    0.138 0.129 0.    0.128 0.    0.    0.126 0.145 0.    0.    0.089
  0.    0.129 0.116 0.   ]
 [0.133 0.    0.    0.116 0.    0.145 0.131 0.    0.    0.123 0.121 0.
  0.13  0.    0.    0.101]
 [0.    0.13  0.121 0.    0.144 0.    0.    0.121 0.128 0.    0.    0.124
  0.    0.108 0.124 0.   ]
 [0.135 0.    0.    0.142 0.    0.11  0.116 0.    0.    0.114 0.117 0.
  0.137 0.    0.    0.129]
 [0.    0.13  0.149 0.    0.128 0.    0.    0.129 0.111 0.    0.    0.116
  0.    0.119 0.118 0.   ]
 [0.108 0.    0.    0.131 0.    0.127 0.127 0.    0.    0.12  0.114 0.
  0.13  0.    0.    0.143]
 [0.    0.113 0.109 0.    0.111 0.    0.    0.126 0.135 0.    0.    0.116
  0.    0.154 0.136 0.   ]
 [0.112 0.    0.    0.11  0.    0.115 0.121 0.    0.    0.132 0.137 0.
  0.134 0.    0.    0.139]
 [0.    0.121 0.111 0.    0.118 0.    0.    0.126 0.133 0.    0.    0.133
  0.    0.125 0.133 0.   ]
 [0.129 0.    0.    0.125 0.    0.13  0.128 0.    0.    0.134 0.108 0.
  0.124 0.    0.    0.122]
 [0.    0.139 0.122 0.    0.132 0.    0.    0.122 0.121 0.    0.    0.104
  0.    0.125 0.135 0.   ]
 [0.132 0.    0.    0.107 0.    0.137 0.127 0.    0.    0.135 0.129 0.
  0.118 0.    0.    0.115]
 [0.    0.125 0.124 0.    0.125 0.    0.    0.129 0.121 0.    0.    0.121
  0.    0.132 0.123 0.   ]
 [0.134 0.    0.    0.125 0.    0.131 0.107 0.    0.    0.139 0.123 0.
  0.115 0.    0.    0.126]
 [0.    0.143 0.111 0.    0.132 0.    0.    0.113 0.13  0.    0.    0.128
  0.    0.128 0.115 0.   ]
 [0.123 0.    0.    0.126 0.    0.127 0.125 0.    0.    0.144 0.129 0.
  0.113 0.    0.    0.113]
 [0.    0.14  0.125 0.    0.127 0.    0.    0.134 0.121 0.    0.    0.116
  0.    0.112 0.125 0.   ]
 [0.122 0.    0.    0.116 0.    0.133 0.147 0.    0.    0.123 0.123 0.
  0.117 0.    0.    0.119]
 [0.    0.118 0.137 0.    0.114 0.    0.    0.14  0.125 0.    0.    0.116
  0.    0.144 0.106 0.   ]
 [0.125 0.    0.    0.127 0.    0.134 0.115 0.    0.    0.118 0.134 0.
  0.123 0.    0.    0.124]
 [0.    0.124 0.113 0.    0.138 0.    0.    0.13  0.136 0.    0.    0.114
  0.    0.117 0.128 0.   ]
 [0.131 0.    0.    0.105 0.    0.128 0.115 0.    0.    0.135 0.144 0.
  0.104 0.    0.    0.138]
 [0.    0.113 0.143 0.    0.126 0.    0.    0.111 0.117 0.    0.    0.13
  0.    0.134 0.126 0.   ]
 [0.107 0.    0.    0.129 0.    0.123 0.123 0.    0.    0.123 0.139 0.
  0.132 0.    0.    0.124]
 [0.    0.132 0.115 0.    0.117 0.    0.    0.131 0.126 0.    0.    0.126
  0.    0.12  0.133 0.   ]
 [0.114 0.    0.    0.144 0.    0.121 0.128 0.    0.    0.133 0.108 0.
  0.131 0.    0.    0.121]
 [0.    0.135 0.114 0.    0.135 0.    0.    0.12  0.131 0.    0.    0.128
  0.    0.121 0.116 0.   ]
 [0.121 0.    0.    0.111 0.    0.136 0.13  0.    0.    0.126 0.114 0.
  0.145 0.    0.    0.117]
 [0.    0.113 0.133 0.    0.15  0.    0.    0.124 0.12  0.    0.    0.117
  0.    0.114 0.129 0.   ]
 [0.122 0.    0.    0.115 0.    0.12  0.141 0.    0.    0.13  0.13  0.
  0.118 0.    0.    0.124]
 [0.    0.112 0.127 0.    0.132 0.    0.    0.118 0.118 0.    0.    0.122
  0.    0.134 0.137 0.   ]
 [0.121 0.    0.    0.117 0.    0.128 0.152 0.    0.    0.102 0.13  0.
  0.129 0.    0.    0.121]
 [0.    0.113 0.126 0.    0.145 0.    0.    0.111 0.109 0.    0.    0.138
  0.    0.128 0.13  0.   ]
 [0.125 0.    0.    0.129 0.    0.132 0.134 0.    0.    0.137 0.126 0.
  0.114 0.    0.    0.103]
 [0.    0.143 0.131 0.    0.142 0.    0.    0.11  0.106 0.    0.    0.121
  0.    0.127 0.12  0.   ]
 [0.125 0.    0.    0.127 0.    0.143 0.125 0.    0.    0.13  0.098 0.
  0.12  0.    0.    0.132]
 [0.    0.137 0.11  0.    0.127 0.    0.    0.147 0.119 0.    0.    0.111
  0.    0.124 0.125 0.   ]
 [0.134 0.    0.    0.118 0.    0.144 0.135 0.    0.    0.121 0.101 0.
  0.121 0.    0.    0.126]
 [0.    0.125 0.114 0.    0.17  0.    0.    0.115 0.125 0.    0.    0.114
  0.    0.13  0.107 0.   ]
 [0.131 0.    0.    0.125 0.    0.131 0.125 0.    0.    0.118 0.104 0.
  0.139 0.    0.    0.127]
 [0.    0.115 0.125 0.    0.146 0.    0.    0.111 0.115 0.    0.    0.122
  0.    0.132 0.134 0.   ]
 [0.12  0.    0.    0.12  0.    0.129 0.133 0.    0.    0.103 0.123 0.
  0.143 0.    0.    0.129]
 [0.    0.129 0.123 0.    0.144 0.    0.    0.131 0.128 0.    0.    0.111
  0.    0.109 0.125 0.   ]
 [0.116 0.    0.    0.121 0.    0.145 0.129 0.    0.    0.122 0.104 0.
  0.14  0.    0.    0.123]
 [0.    0.113 0.126 0.    0.132 0.    0.    0.131 0.145 0.    0.    0.124
  0.    0.117 0.112 0.   ]
 [0.125 0.    0.    0.116 0.    0.126 0.126 0.    0.    0.123 0.131 0.
  0.126 0.    0.    0.127]
 [0.    0.134 0.128 0.    0.108 0.    0.    0.134 0.134 0.    0.    0.118
  0.    0.126 0.118 0.   ]
 [0.137 0.    0.    0.13  0.    0.138 0.101 0.    0.    0.118 0.13  0.
  0.12  0.    0.    0.126]
 [0.    0.145 0.13  0.    0.128 0.    0.    0.113 0.129 0.    0.    0.135
  0.    0.12  0.1   0.   ]
 [0.133 0.    0.    0.142 0.    0.136 0.121 0.    0.    0.124 0.114 0.
  0.129 0.    0.    0.101]
 [0.    0.153 0.135 0.    0.121 0.    0.    0.117 0.12  0.    0.    0.115
  0.    0.129 0.11  0.   ]
 [0.145 0.    0.    0.119 0.    0.129 0.133 0.    0.    0.125 0.127 0.
  0.126 0.    0.    0.096]
 [0.    0.121 0.139 0.    0.124 0.    0.    0.119 0.135 0.    0.    0.123
  0.    0.128 0.111 0.   ]
 [0.126 0.    0.    0.127 0.    0.142 0.109 0.    0.    0.119 0.131 0.
  0.138 0.    0.    0.108]
 [0.    0.122 0.124 0.    0.138 0.    0.    0.105 0.129 0.    0.    0.131
  0.    0.138 0.113 0.   ]
 [0.133 0.    0.    0.106 0.    0.135 0.13  0.    0.    0.127 0.118 0.
  0.119 0.    0.    0.132]
 [0.    0.115 0.117 0.    0.134 0.    0.    0.138 0.13  0.    0.    0.119
  0.    0.122 0.125 0.   ]
 [0.12  0.    0.    0.125 0.    0.123 0.109 0.    0.    0.133 0.129 0.
  0.126 0.    0.    0.135]
 [0.    0.119 0.125 0.    0.113 0.    0.    0.096 0.127 0.    0.    0.144
  0.    0.148 0.128 0.   ]
 [0.113 0.    0.    0.134 0.    0.108 0.108 0.    0.    0.151 0.13  0.
  0.121 0.    0.    0.135]
 [0.    0.135 0.123 0.    0.098 0.    0.    0.117 0.137 0.    0.    0.142
  0.    0.131 0.117 0.   ]
 [0.107 0.    0.    0.14  0.    0.118 0.116 0.    0.    0.144 0.125 0.
  0.125 0.    0.    0.125]
 [0.    0.13  0.116 0.    0.119 0.    0.    0.114 0.13  0.    0.    0.143
  0.    0.122 0.126 0.   ]
 [0.137 0.    0.    0.108 0.    0.12  0.123 0.    0.    0.121 0.132 0.
  0.126 0.    0.    0.133]
 [0.    0.117 0.12  0.    0.132 0.    0.    0.126 0.13  0.    0.    0.117
  0.    0.128 0.13  0.   ]
 [0.14  0.    0.    0.12  0.    0.116 0.133 0.    0.    0.122 0.102 0.
  0.135 0.    0.    0.132]
 [0.    0.136 0.114 0.    0.127 0.    0.    0.123 0.131 0.    0.    0.13
  0.    0.108 0.131 0.   ]
 [0.135 0.    0.    0.13  0.    0.132 0.111 0.    0.    0.118 0.126 0.
  0.117 0.    0.    0.131]
 [0.    0.143 0.106 0.    0.121 0.    0.    0.131 0.134 0.    0.    0.123
  0.    0.105 0.137 0.   ]
 [0.115 0.    0.    0.132 0.    0.117 0.118 0.    0.    0.127 0.166 0.
  0.114 0.    0.    0.111]
 [0.    0.121 0.131 0.    0.132 0.    0.    0.115 0.134 0.    0.    0.135
  0.    0.1   0.132 0.   ]
 [0.133 0.    0.    0.125 0.    0.109 0.112 0.    0.    0.116 0.147 0.
  0.124 0.    0.    0.134]
 [0.    0.099 0.125 0.    0.127 0.    0.    0.13  0.132 0.    0.    0.125
  0.    0.116 0.146 0.   ]
 [0.119 0.    0.    0.121 0.    0.106 0.134 0.    0.    0.127 0.141 0.
  0.113 0.    0.    0.139]
 [0.    0.12  0.135 0.    0.128 0.    0.    0.118 0.124 0.    0.    0.117
  0.    0.125 0.133 0.   ]
 [0.119 0.    0.    0.132 0.    0.131 0.135 0.    0.    0.117 0.111 0.
  0.135 0.    0.    0.12 ]
 [0.    0.134 0.108 0.    0.144 0.    0.    0.12  0.127 0.    0.    0.104
  0.    0.115 0.148 0.   ]
 [0.144 0.    0.    0.117 0.    0.131 0.131 0.    0.    0.119 0.116 0.
  0.14  0.    0.    0.102]
 [0.    0.121 0.122 0.    0.159 0.    0.    0.125 0.118 0.    0.    0.124
  0.    0.109 0.122 0.   ]
 [0.124 0.    0.    0.125 0.    0.136 0.129 0.    0.    0.113 0.111 0.
  0.142 0.    0.    0.12 ]
 [0.    0.116 0.112 0.    0.134 0.    0.    0.144 0.125 0.    0.    0.114
  0.    0.139 0.116 0.   ]
 [0.122 0.    0.    0.127 0.    0.133 0.132 0.    0.    0.129 0.116 0.
  0.12  0.    0.    0.121]
 [0.    0.113 0.132 0.    0.108 0.    0.    0.112 0.133 0.    0.    0.132
  0.    0.139 0.131 0.   ]
 [0.139 0.    0.    0.119 0.    0.114 0.119 0.    0.    0.136 0.124 0.
  0.128 0.    0.    0.121]
 [0.    0.127 0.108 0.    0.13  0.    0.    0.122 0.134 0.    0.    0.109
  0.    0.137 0.133 0.   ]
 [0.125 0.    0.    0.113 0.    0.113 0.115 0.    0.    0.131 0.128 0.
  0.134 0.    0.    0.141]
 [0.    0.116 0.134 0.    0.13  0.    0.    0.117 0.127 0.    0.    0.112
  0.    0.12  0.144 0.   ]
 [0.115 0.    0.    0.103 0.    0.132 0.129 0.    0.    0.122 0.142 0.
  0.123 0.    0.    0.134]
 [0.    0.108 0.13  0.    0.12  0.    0.    0.134 0.129 0.    0.    0.132
  0.    0.132 0.115 0.   ]
 [0.134 0.    0.    0.116 0.    0.134 0.103 0.    0.    0.137 0.121 0.
  0.137 0.    0.    0.118]
 [0.    0.13  0.123 0.    0.122 0.    0.    0.107 0.142 0.    0.    0.115
  0.    0.133 0.128 0.   ]
 [0.13  0.    0.    0.123 0.    0.125 0.12  0.    0.    0.119 0.129 0.
  0.128 0.    0.    0.126]
 [0.    0.122 0.125 0.    0.126 0.    0.    0.134 0.139 0.    0.    0.125
  0.    0.117 0.112 0.   ]
 [0.121 0.    0.    0.122 0.    0.139 0.116 0.    0.    0.127 0.126 0.
  0.129 0.    0.    0.12 ]
 [0.    0.128 0.133 0.    0.144 0.    0.    0.107 0.121 0.    0.    0.121
  0.    0.135 0.111 0.   ]
 [0.125 0.    0.    0.119 0.    0.138 0.125 0.    0.    0.116 0.115 0.
  0.141 0.    0.    0.121]
 [0.    0.112 0.118 0.    0.131 0.    0.    0.141 0.122 0.    0.    0.129
  0.    0.128 0.119 0.   ]
 [0.133 0.    0.    0.131 0.    0.114 0.122 0.    0.    0.114 0.124 0.
  0.124 0.    0.    0.138]
 [0.    0.127 0.118 0.    0.149 0.    0.    0.117 0.12  0.    0.    0.125
  0.    0.115 0.129 0.   ]
 [0.135 0.    0.    0.131 0.    0.12  0.132 0.    0.    0.108 0.121 0.
  0.13  0.    0.    0.123]
 [0.    0.136 0.129 0.    0.136 0.    0.    0.131 0.122 0.    0.    0.126
  0.    0.107 0.113 0.   ]
 [0.134 0.    0.    0.121 0.    0.131 0.131 0.    0.    0.131 0.116 0.
  0.131 0.    0.    0.105]
 [0.    0.113 0.122 0.    0.145 0.    0.    0.114 0.138 0.    0.    0.117
  0.    0.129 0.122 0.   ]
 [0.134 0.    0.    0.12  0.    0.122 0.145 0.    0.    0.119 0.121 0.
  0.123 0.    0.    0.116]]