[0.81576222 0.25173796 0.11964949 0.08197561 0.03382307 0.04505552
 0.02513961 0.0250998  0.02969848 0.03162278 0.03298485 0.03091925
 0.038      0.03446738 0.04280187 0.03328663 0.04301163 0.01939072
 0.03878144 0.05685068 0.04837355 0.06006663 0.04634652 0.05660389
 0.03992493 0.04868265 0.02596151 0.05128353 0.04140048 0.04118252
 0.03929377 0.03622154 0.04578209 0.04521062 0.04645428 0.03784178
 0.05011986 0.01949359 0.03704052 0.04103657 0.05071489 0.04619524
 0.03487119 0.05122499 0.02569047 0.03286335 0.01865476 0.0476655
 0.03992493 0.04310452 0.02887906 0.02814249 0.02946184 0.03146427
 0.036      0.02473863 0.02946184 0.03420526 0.04039802 0.05484524
 0.05       0.03013304 0.06378087 0.04591296 0.03136877 0.03340659
 0.02163331 0.04233202 0.05779273 0.01876166 0.02863564 0.03714835
 0.04012481 0.04701064 0.04886717 0.05145872 0.04939636 0.04147288
 0.02939388 0.04512206 0.05409251 0.03908964 0.04298837 0.03566511
 0.04567275 0.04142463 0.04233202 0.02891366 0.02817801 0.02345208
 0.04319722 0.01476482 0.03292416 0.05169139 0.03770942 0.03316625
 0.02328089 0.04440721 0.0432435  0.0275318  0.04494441 0.03527038
 0.01555635 0.03646917 0.02362202 0.04995998 0.02880972 0.03712142
 0.03944617 0.03078961 0.03515679 0.03797368 0.02154066 0.0550636
 0.04237924 0.05558777 0.03052868 0.04024922 0.04242641 0.04024922
 0.01726268 0.01766352 0.03674235 0.0340294  0.04949747 0.02493993
 0.02328089 0.05130302 0.03478505 0.06185467 0.03813135 0.05075431
 0.04591296 0.02517936 0.03352611 0.04310452 0.03498571 0.03959798
 0.01944222 0.03663332 0.02912044 0.04556314 0.027313   0.05863446
 0.022      0.04573839 0.04476606 0.04331282 0.05425864 0.05027922
 0.02929164 0.03146427 0.03831449 0.0346987  0.02004994 0.03039737
 0.02039608 0.03862642 0.04361192 0.04698936 0.04894895 0.03852272
 0.01549193 0.04368066 0.04361192 0.04841487 0.03841875 0.04874423
 0.03624914 0.03328663 0.02473863 0.03847077 0.02284732 0.044
 0.04358899 0.03016621 0.06219325 0.02181742 0.04261455 0.0477284
 0.04178516 0.03746999 0.03602777 0.04135215 0.02738613 0.04543127
 0.03937004 0.04322037 0.04101219 0.03423449 0.04481071 0.03916631
 0.02966479 0.04204759 0.03730952 0.0286007  0.03660601 0.02649528
 0.04312772 0.02789265 0.06041523 0.02905168 0.03411744 0.01886796
 0.02607681 0.02877499 0.03569314 0.03611094 0.04147288 0.04694678
 0.03792097 0.04694678 0.03781534 0.0405216  0.032      0.02493993
 0.02416609 0.03052868 0.02437212 0.0407431  0.02792848 0.05317894
 0.02284732 0.04724405 0.02660827 0.03815757 0.0470319  0.03588872
 0.02541653 0.02580698 0.02306513 0.02817801 0.03310589 0.03078961
 0.02668333 0.02969848 0.04113393 0.05973274 0.04037326 0.04363485
 0.03258834 0.03997499 0.02336664 0.0348425  0.03435113 0.05628499
 0.03190611 0.04478839 0.03438023 0.02557342 0.03574913 0.04857983
 0.02445404 0.03655133 0.03558089 0.03515679 0.03844477 0.04404543
 0.038      0.01714643 0.02738613 0.03924283 0.03695944 0.03660601
 0.03417601 0.04147288 0.04261455 0.05669215 0.0317805  0.06011655
 0.06077829 0.09007774 0.05379591 0.05011986 0.02349468 0.0494166
 0.0257682  0.02374868 0.02437212 0.02336664 0.01860108 0.03574913
 0.04086563 0.04032369 0.03082207 0.03624914 0.02942788 0.03765634
 0.01183216 0.04795832 0.03738984 0.05721888 0.04144876 0.03627671
 0.03056141 0.02884441 0.03704052 0.04249706 0.03334666 0.02778489
 0.02181742 0.03784178 0.03671512 0.04438468 0.04696807 0.02039608
 0.02525866 0.02645751 0.05003998 0.03563706 0.02457641 0.03168596
 0.03295451 0.04617359 0.04242641 0.044      0.03261901 0.03944617
 0.03       0.05149757 0.04896938 0.03717526 0.05255473 0.05145872
 0.04418144 0.03075711 0.03458323 0.02918904 0.03310589 0.04593474
 0.03340659 0.0441588  0.0346987  0.026      0.04275512 0.03498571
 0.03929377 0.03883298 0.03844477 0.03605551 0.03127299 0.03752333
 0.04551923 0.03019934 0.03652396 0.02785678 0.0244949  0.03337664
 0.04602173 0.03572114 0.02807134 0.02749545 0.03026549 0.03394113
 0.03334666 0.03544009 0.03644173 0.03527038 0.03091925 0.03443835
 0.02529822 0.048      0.0248998  0.02929164 0.03736308 0.04913247
 0.04211888 0.04361192 0.016      0.02925748 0.05366563 0.05332917
 0.06187083 0.03337664 0.03414674 0.05039841 0.04280187 0.04768648
 0.03394113 0.05837808 0.04261455 0.05329165 0.04610857 0.03733631
 0.062498   0.01726268 0.07234639 0.02939388 0.04147288 0.0304959
 0.03355592 0.03605551 0.04837355 0.03379349 0.0256125  0.03489986
 0.04244997 0.05178803 0.06123724 0.04597826 0.03611094 0.03741657
 0.05108816 0.04905099 0.05268776 0.03013304 0.03152777 0.0317175
 0.0349285  0.03746999 0.04431704 0.03949684 0.03704052 0.02437212
 0.03919184 0.03292416 0.03560899 0.04841487 0.02810694 0.04498889
 0.05053712 0.03957272 0.03376389 0.04543127 0.02513961 0.05110773
 0.03682391 0.02969848 0.05161395 0.02925748 0.04465423 0.0412068
 0.0284605  0.03944617 0.0317175  0.03622154 0.02078461 0.03671512
 0.02218107 0.02533772 0.03078961 0.0317175  0.03388215 0.02760435
 0.042      0.04732864 0.02949576 0.03075711 0.02116601 0.04741308
 0.04845617 0.03891015 0.04556314 0.03563706 0.03246537 0.04793746
 0.01897367 0.0304959  0.04197618 0.04569464 0.02126029 0.0235372
 0.02946184 0.02863564 0.03529873 0.04032369 0.04312772 0.03224903
 0.04247352 0.03052868 0.03206244 0.03663332 0.01788854 0.04554119
 0.02379075 0.02698148 0.03101612 0.04266146 0.03352611 0.02814249
 0.05357238 0.01933908 0.02979933 0.04851804 0.04178516 0.02453569
 0.02391652 0.02915476 0.04156922 0.05299057 0.0510294  0.03411744
 0.02887906 0.03572114 0.03423449 0.03555278 0.02789265 0.02172556
 0.03130495 0.04534314 0.0348425  0.0354683  0.02996665 0.04219005
 0.02622975 0.02078461 0.04071855 0.03969887 0.04472136 0.04896938
 0.03234192 0.03355592 0.03277194 0.0239583  0.02690725 0.03052868
 0.02473863 0.03518522 0.02810694 0.02918904 0.03016621 0.04764452
 0.03036445 0.04       0.03231099 0.02785678 0.02679552 0.03337664
 0.03149603 0.04113393 0.04084116 0.03685105 0.03504283 0.03616628
 0.0295973  0.03885872 0.02698148 0.03725587 0.04494441 0.02213594
 0.04228475 0.03016621 0.03143247 0.04079216 0.0380526  0.0258457
 0.03149603 0.02481935 0.02328089 0.05291503 0.03738984 0.03016621
 0.03919184 0.03682391 0.03271085 0.01760682 0.05329165 0.02839014
 0.03605551 0.03898718 0.04722288 0.06228965 0.05114685 0.04422669
 0.0510098  0.0308545  0.05221111 0.01224745 0.04123106 0.03127299
 0.01984943 0.04317407 0.0556956  0.03875564 0.04447471 0.02218107
 0.04774935 0.02457641 0.04436215 0.01933908 0.02874022 0.0412553
 0.02404163 0.0464758  0.04303487 0.03586084 0.05368426 0.03155947
 0.02497999 0.03574913 0.04684015 0.02039608 0.03283291 0.02979933
 0.04478839 0.0183303  0.03977436 0.03709447 0.02634388 0.038
 0.02912044 0.03560899 0.01881489 0.04634652 0.02668333 0.054827
 0.02501999 0.04422669 0.02469818 0.02810694 0.03752333 0.04113393
 0.03627671 0.02387467 0.04963869 0.04204759 0.04113393 0.03997499
 0.04004997 0.02675818 0.03789459 0.02588436 0.02925748 0.02925748
 0.03301515 0.04221374 0.03056141 0.03770942 0.04507771 0.04855924
 0.0340294  0.0295973  0.06773478 0.04957822 0.05553377 0.04204759
 0.03009983 0.03443835 0.05574944 0.04076763 0.06440497 0.03228002
 0.02891366 0.02218107 0.02942788 0.05412947 0.0359444  0.02630589
 0.05291503 0.03924283 0.03397058 0.0398748  0.03417601 0.03501428
 0.04824935 0.03417601 0.02572936 0.02738613 0.03310589 0.01421267
 0.03162278 0.03187475 0.03663332 0.03313608 0.03852272 0.02213594
 0.04154516 0.03574913 0.05734108 0.04565085 0.04888763 0.03274141
 0.03165438 0.04447471 0.03310589 0.03841875 0.03891015 0.01892089
 0.03149603 0.04494441 0.04604346 0.05502727 0.04379498 0.03885872
 0.02336664 0.04356604 0.02611513 0.03836665 0.03082207 0.03974921
 0.04758151 0.03507136 0.0190263  0.0510294  0.03652396 0.05244044
 0.0490306  0.0464758  0.04993996 0.04760252 0.02966479 0.0248998
 0.0459565  0.02828427 0.04301163 0.0443396  0.0287054  0.04818714
 0.03880722 0.04137632 0.04004997 0.02437212 0.03391165 0.02874022
 0.02986637 0.05366563 0.03159114 0.04512206 0.04469899 0.02588436
 0.02905168 0.03720215 0.02545584 0.04604346 0.02477902 0.03616628
 0.03616628 0.0397995  0.04732864 0.02716616 0.04739198 0.03622154
 0.02828427 0.02370654 0.03515679 0.03289377 0.0427785  0.02821347
 0.0324037  0.02727636 0.03997499 0.0427785  0.03687818 0.04397727
 0.03541186 0.01581139 0.02778489 0.03095158 0.03509986 0.04779121
 0.02764055 0.05488169 0.04567275 0.01854724 0.02734959 0.03773592
 0.03893584 0.04472136 0.02986637 0.03797368 0.03896152 0.02545584
 0.03538361 0.02863564 0.02059126 0.04338202 0.03709447 0.0287054
 0.03644173 0.04166533 0.04713809 0.04252058 0.04368066 0.04481071
 0.04233202 0.03298485 0.03361547 0.04418144 0.05059644 0.04669047
 0.03104835 0.03947151 0.02867054 0.04054627 0.02778489 0.02867054
 0.02569047 0.02569047 0.03411744 0.03472751 0.03361547 0.03701351
 0.03844477 0.05332917 0.03704052 0.034322   0.04489989 0.02863564
 0.03098387 0.0401995  0.04004997 0.04503332 0.04518849 0.05642694
 0.07817928 0.04436215 0.05477226 0.02716616 0.04571652 0.03693237
 0.04613025 0.04298837 0.03495712 0.03572114 0.03165438 0.02842534
 0.05787918 0.02782086 0.04925444 0.03512834 0.03698648 0.02088061
 0.04525483 0.04004997 0.03962323 0.03560899 0.03789459 0.05169139
 0.0416173  0.04388622 0.04737088 0.03586084 0.02660827 0.03720215
 0.02445404 0.01649242 0.03228002 0.03120897 0.02140093 0.04345112
 0.03301515 0.03212476 0.03340659 0.0317175  0.02645751 0.01630951
 0.034      0.02867054 0.03069202 0.04617359 0.0303315  0.04608687
 0.02493993 0.03136877 0.02126029 0.04168933 0.0212132  0.03768289
 0.03379349 0.03841875 0.03641428 0.0308545  0.02963106 0.04069398
 0.03006659 0.04933559 0.04171331 0.01954482 0.04597826 0.03776242
 0.03878144 0.03218695 0.04833218 0.03215587 0.05346027 0.03815757
 0.03003331 0.02796426 0.02126029 0.03481379 0.04361192 0.02553429
 0.03052868 0.01737815 0.03577709 0.01249    0.03136877 0.027313
 0.04284857 0.02638181 0.03385262 0.048      0.03720215 0.02517936
 0.05157519 0.04481071 0.02966479 0.04927474 0.05531727 0.04017462
 0.03937004 0.06566582 0.03663332 0.03549648 0.04496665 0.04057093
 0.03016621 0.02792848 0.03075711 0.03174902 0.02638181 0.03538361
 0.03391165 0.04726521 0.03690528 0.05124451 0.03875564 0.04935585
 0.04888763 0.04436215 0.03706751 0.02782086 0.04079216 0.03931921
 0.038      0.02983287 0.0332265  0.02533772 0.04785394 0.03652396
 0.04377214 0.04872371 0.01974842 0.05863446 0.02588436 0.04135215
 0.02863564 0.03878144 0.03249615 0.03316625 0.03765634 0.03611094
 0.03423449 0.04049691 0.03952215 0.02856571 0.03271085 0.03666061
 0.03885872 0.02867054 0.04636809 0.04180909 0.03646917 0.06003332
 0.02657066 0.03794733 0.02063977 0.02712932 0.05118594 0.03501428
 0.03538361 0.03165438 0.04221374 0.01777639 0.05261179 0.0409878
 0.0397995  0.03641428 0.03174902 0.03261901 0.05091169 0.04108528
 0.03527038 0.04252058 0.02969848 0.0468615  0.02814249 0.05217279
 0.03255764 0.04352011 0.02694439 0.03591657 0.0346987  0.04310452
 0.04824935 0.04352011 0.0311127  0.03786819 0.02009975 0.04263801
 0.02222611 0.04454211 0.03815757 0.03760319 0.02111871 0.02986637
 0.03319639 0.04301163 0.02513961]