[[0.         0.         0.         0.         0.         0.
  0.         0.         1.         0.         0.         0.
  0.         0.         0.         0.        ]
 [0.         0.         0.         0.         0.         0.
  0.         0.5        0.         0.5        0.         0.
  0.         0.         0.         0.        ]
 [0.         0.         0.         0.         0.         0.
  0.25       0.         0.5        0.         0.25       0.
  0.         0.         0.         0.        ]
 [0.         0.         0.         0.         0.         0.125
  0.         0.375      0.         0.375      0.         0.125
  0.         0.         0.         0.        ]
 [0.         0.         0.         0.         0.0625     0.
  0.375      0.         0.125      0.         0.375      0.
  0.0625     0.         0.         0.        ]
 [0.         0.         0.         0.03125    0.         0.34375
  0.         0.125      0.         0.125      0.         0.34375
  0.         0.03125    0.         0.        ]
 [0.         0.         0.015625   0.         0.28125    0.
  0.140625   0.         0.125      0.         0.140625   0.
  0.28125    0.         0.015625   0.        ]
 [0.         0.0078125  0.         0.2109375  0.         0.1796875
  0.         0.1015625  0.         0.1015625  0.         0.1796875
  0.         0.2109375  0.         0.0078125 ]
 [0.0078125  0.         0.1484375  0.         0.2265625  0.
  0.0859375  0.         0.0703125  0.         0.0859375  0.
  0.2265625  0.         0.1484375  0.        ]
 [0.         0.1015625  0.         0.2578125  0.         0.0703125
  0.         0.0703125  0.         0.0703125  0.         0.0703125
  0.         0.2578125  0.         0.1015625 ]
 [0.1328125  0.         0.26171875 0.         0.0625     0.
  0.07421875 0.         0.0703125  0.         0.07421875 0.
  0.0625     0.         0.26171875 0.        ]
 [0.         0.27929687 0.         0.08007812 0.         0.08007812
  0.         0.06054687 0.         0.06054687 0.         0.08007812
  0.         0.08007812 0.         0.27929687]
 [0.45507812 0.         0.11523437 0.         0.08007812 0.
  0.05273437 0.         0.04882812 0.         0.05273437 0.
  0.08007812 0.         0.11523437 0.        ]
 [0.         0.29882812 0.         0.10742187 0.         0.04492187
  0.         0.04882812 0.         0.04882812 0.         0.04492187
  0.         0.10742187 0.         0.29882812]
 [0.45507812 0.         0.12792969 0.         0.0703125  0.
  0.04980469 0.         0.04882812 0.         0.04980469 0.
  0.0703125  0.         0.12792969 0.        ]
 [0.         0.24755859 0.         0.15869141 0.         0.04931641
  0.         0.04443359 0.         0.04443359 0.         0.04931641
  0.         0.15869141 0.         0.24755859]
 [0.16455078 0.         0.20068359 0.         0.16845703 0.
  0.02880859 0.         0.03955078 0.         0.02880859 0.
  0.16845703 0.         0.20068359 0.        ]
 [0.         0.17333984 0.         0.17431641 0.         0.11962891
  0.         0.03271484 0.         0.03271484 0.         0.11962891
  0.         0.17431641 0.         0.17333984]
 [0.19775391 0.         0.08862305 0.         0.2265625  0.
  0.06518555 0.         0.04150391 0.         0.06518555 0.
  0.2265625  0.         0.08862305 0.        ]
 [0.         0.12097168 0.         0.08605957 0.         0.26184082
  0.         0.03112793 0.         0.03112793 0.         0.26184082
  0.         0.08605957 0.         0.12097168]
 [0.1583252  0.         0.06774902 0.         0.12023926 0.
  0.23181152 0.         0.0020752  0.         0.23181152 0.
  0.12023926 0.         0.06774902 0.        ]
 [0.         0.14318848 0.         0.0111084  0.         0.1986084
  0.         0.14709473 0.         0.14709473 0.         0.1986084
  0.         0.0111084  0.         0.14318848]
 [0.12512207 0.         0.08953857 0.         0.00439453 0.
  0.28094482 0.         0.12512207 0.         0.28094482 0.
  0.00439453 0.         0.08953857 0.        ]
 [0.         0.09970093 0.         0.05459595 0.         0.05459595
  0.         0.29110718 0.         0.29110718 0.         0.05459595
  0.         0.05459595 0.         0.09970093]
 [0.13186646 0.         0.06967163 0.         0.03738403 0.
  0.06967163 0.         0.51467896 0.         0.06967163 0.
  0.03738403 0.         0.06967163 0.        ]
 [0.         0.11080933 0.         0.04348755 0.         0.04348755
  0.         0.30221558 0.         0.30221558 0.         0.04348755
  0.         0.04348755 0.         0.11080933]
 [0.09585571 0.         0.08195496 0.         0.04882812 0.
  0.08195496 0.         0.47866821 0.         0.08195496 0.
  0.04882812 0.         0.08195496 0.        ]
 [0.         0.09111786 0.         0.06317902 0.         0.07294464
  0.         0.27275848 0.         0.27275848 0.         0.07294464
  0.         0.06317902 0.         0.09111786]
 [0.10059357 0.         0.10262299 0.         0.04669952 0.
  0.22566986 0.         0.14942169 0.         0.22566986 0.
  0.04669952 0.         0.10262299 0.        ]
 [0.         0.12049103 0.         0.0557785  0.         0.17003632
  0.         0.15369415 0.         0.15369415 0.         0.17003632
  0.         0.0557785  0.         0.12049103]
 [0.12891388 0.         0.07529831 0.         0.17849731 0.
  0.09287643 0.         0.177742   0.         0.09287643 0.
  0.17849731 0.         0.07529831 0.        ]
 [0.         0.13420677 0.         0.12116432 0.         0.15192604
  0.         0.09270287 0.         0.09270287 0.         0.15192604
  0.         0.12116432 0.         0.13420677]
 [0.24923897 0.         0.06648827 0.         0.21202278 0.
  0.03816795 0.         0.11740303 0.         0.03816795 0.
  0.21202278 0.         0.06648827 0.        ]
 [0.         0.13899803 0.         0.2416172  0.         0.02970314
  0.         0.08968163 0.         0.08968163 0.         0.02970314
  0.         0.2416172  0.         0.13899803]
 [0.14878273 0.         0.24444103 0.         0.0786438  0.
  0.07744884 0.         0.05014992 0.         0.07744884 0.
  0.0786438  0.         0.24444103 0.        ]
 [0.         0.21009779 0.         0.17051744 0.         0.08067369
  0.         0.03871107 0.         0.03871107 0.         0.08067369
  0.         0.17051744 0.         0.21009779]
 [0.07100725 0.         0.32938147 0.         0.08883333 0.
  0.01395178 0.         0.0646596  0.         0.01395178 0.
  0.08883333 0.         0.32938147 0.        ]
 [0.         0.18635416 0.         0.25163412 0.         0.02604818
  0.         0.03596354 0.         0.03596354 0.         0.02604818
  0.         0.25163412 0.         0.18635416]
 [0.24461412 0.         0.17714572 0.         0.16427803 0.
  0.02553439 0.         0.02146959 0.         0.02553439 0.
  0.16427803 0.         0.17714572 0.        ]
 [0.         0.13268888 0.         0.3052994  0.         0.0408951
  0.         0.02111661 0.         0.02111661 0.         0.0408951
  0.         0.3052994  0.         0.13268888]
 [0.20027936 0.         0.16093194 0.         0.20222199 0.
  0.02836359 0.         0.01668561 0.         0.02836359 0.
  0.20222199 0.         0.16093194 0.        ]
 [0.         0.21871269 0.         0.1055671  0.         0.15207589
  0.         0.02364433 0.         0.02364433 0.         0.15207589
  0.         0.1055671  0.         0.21871269]
 [0.22966063 0.         0.11324281 0.         0.16311646 0.
  0.09725159 0.         0.02311766 0.         0.09725159 0.
  0.16311646 0.         0.11324281 0.        ]
 [0.         0.20263168 0.         0.07770279 0.         0.12830094
  0.         0.09136459 0.         0.09136459 0.         0.12830094
  0.         0.07770279 0.         0.20263168]
 [0.35568717 0.         0.08130297 0.         0.04237583 0.
  0.12390551 0.         0.1491442  0.         0.12390551 0.
  0.04237583 0.         0.08130297 0.        ]
 [0.         0.23560265 0.         0.02608559 0.         0.06050941
  0.         0.17780235 0.         0.17780235 0.         0.06050941
  0.         0.02608559 0.         0.23560265]
 [0.21717933 0.         0.1466469  0.         0.01290333 0.
  0.07493059 0.         0.31385902 0.         0.07493059 0.
  0.01290333 0.         0.1466469  0.        ]
 [0.         0.23184928 0.         0.02983896 0.         0.02983896
  0.         0.20847281 0.         0.20847281 0.         0.02983896
  0.         0.02983896 0.         0.23184928]
 [0.2883364  0.         0.11389097 0.         0.00725812 0.
  0.11389097 0.         0.24158347 0.         0.11389097 0.
  0.00725812 0.         0.11389097 0.        ]
 [0.         0.17577031 0.         0.08591793 0.         0.08591793
  0.         0.15239384 0.         0.15239384 0.         0.08591793
  0.         0.08591793 0.         0.17577031]
 [0.21208612 0.         0.10241674 0.         0.10645688 0.
  0.15075658 0.         0.0686535  0.         0.15075658 0.
  0.10645688 0.         0.10241674 0.        ]
 [0.         0.1813592  0.         0.08032903 0.         0.18973455
  0.         0.04857722 0.         0.04857722 0.         0.18973455
  0.         0.08032903 0.         0.1813592 ]
 [0.12141934 0.         0.19102611 0.         0.13228588 0.
  0.11335888 0.         0.00523892 0.         0.11335888 0.
  0.13228588 0.         0.19102611 0.        ]
 [0.         0.14430575 0.         0.17357298 0.         0.17151304
  0.         0.01060824 0.         0.01060824 0.         0.17151304
  0.         0.17357298 0.         0.14430575]
 [0.13093913 0.         0.20564863 0.         0.16706843 0.
  0.05443403 0.         0.01475871 0.         0.05443403 0.
  0.16706843 0.         0.20564863 0.        ]
 [0.         0.24430178 0.         0.12873746 0.         0.08515073
  0.         0.04181002 0.         0.04181002 0.         0.08515073
  0.         0.12873746 0.         0.24430178]
 [0.35706915 0.         0.11278748 0.         0.15662134 0.
  0.01792358 0.         0.06826605 0.         0.01792358 0.
  0.15662134 0.         0.11278748 0.        ]
 [0.         0.27326091 0.         0.08955877 0.         0.09933965
  0.         0.03784068 0.         0.03784068 0.         0.09933965
  0.         0.08955877 0.         0.27326091]
 [0.53100989 0.         0.06408298 0.         0.06261829 0.
  0.07770908 0.         0.06016943 0.         0.07770908 0.
  0.06261829 0.         0.06408298 0.        ]
 [0.         0.29432924 0.         0.06849043 0.         0.0608
  0.         0.07638033 0.         0.07638033 0.         0.0608
  0.         0.06849043 0.         0.29432924]
 [0.19440741 0.         0.24062482 0.         0.06409286 0.
  0.05646649 0.         0.08322424 0.         0.05646649 0.
  0.06409286 0.         0.24062482 0.        ]
 [0.         0.17228184 0.         0.2046484  0.         0.02818051
  0.         0.09488926 0.         0.09488926 0.         0.02818051
  0.         0.2046484  0.         0.17228184]
 [0.00669221 0.         0.26707624 0.         0.12478184 0.
  0.01370023 0.         0.18219117 0.         0.01370023 0.
  0.12478184 0.         0.26707624 0.        ]
 [0.         0.01112008 0.         0.36581015 0.         0.0242002
  0.         0.09886956 0.         0.09886956 0.         0.0242002
  0.         0.36581015 0.         0.01112008]
 [0.00454691 0.         0.10564438 0.         0.2846488  0.
  0.05283752 0.         0.10919169 0.         0.05283752 0.
  0.2846488  0.         0.10564438 0.        ]
 [0.         0.02774607 0.         0.15915217 0.         0.22098269
  0.         0.09211908 0.         0.09211908 0.         0.22098269
  0.         0.15915217 0.         0.02774607]
 [0.02407935 0.         0.04747884 0.         0.18990194 0.
  0.22648923 0.         0.04818061 0.         0.22648923 0.
  0.18990194 0.         0.04747884 0.        ]
 [0.         0.05417136 0.         0.03544065 0.         0.25466081
  0.         0.15572718 0.         0.15572718 0.         0.25466081
  0.         0.03544065 0.         0.05417136]
 [0.09879023 0.         0.02216185 0.         0.03611008 0.
  0.33088721 0.         0.12289148 0.         0.33088721 0.
  0.03611008 0.         0.02216185 0.        ]
 [0.         0.05630819 0.         0.04562767 0.         0.04262932
  0.         0.35543482 0.         0.35543482 0.         0.04262932
  0.         0.04562767 0.         0.05630819]
 [0.07890508 0.         0.05390965 0.         0.01714735 0.
  0.08461129 0.         0.60975835 0.         0.08461129 0.
  0.01714735 0.         0.05390965 0.        ]
 [0.         0.08889108 0.         0.01304479 0.         0.01304479
  0.         0.38501935 0.         0.38501935 0.         0.01304479
  0.         0.01304479 0.         0.08889108]
 [0.09665951 0.         0.05048177 0.         0.00624868 0.
  0.05048177 0.         0.68891605 0.         0.05048177 0.
  0.00624868 0.         0.05048177 0.        ]
 [0.         0.08423594 0.         0.01769992 0.         0.01769992
  0.         0.38036421 0.         0.38036421 0.         0.01769992
  0.         0.01769992 0.         0.08423594]
 [0.16243791 0.         0.00892033 0.         0.02359316 0.
  0.27434697 0.         0.22384118 0.         0.27434697 0.
  0.02359316 0.         0.00892033 0.        ]
 [0.         0.08191927 0.         0.0200166  0.         0.17908804
  0.         0.21897609 0.         0.21897609 0.         0.17908804
  0.         0.0200166  0.         0.08191927]
 [0.06683611 0.         0.06070723 0.         0.12230989 0.
  0.19617428 0.         0.17478108 0.         0.19617428 0.
  0.12230989 0.         0.06070723 0.        ]
 [0.         0.06153198 0.         0.09374825 0.         0.24869291
  0.         0.09602686 0.         0.09602686 0.         0.24869291
  0.         0.09374825 0.         0.06153198]
 [0.00304697 0.         0.13241975 0.         0.21709625 0.
  0.09346454 0.         0.11099194 0.         0.09346454 0.
  0.21709625 0.         0.13241975 0.        ]
 [0.         0.07287643 0.         0.2132205  0.         0.11437395
  0.         0.09952912 0.         0.09952912 0.         0.11437395
  0.         0.2132205  0.         0.07287643]
 [0.06700598 0.         0.1681097  0.         0.15733306 0.
  0.13487105 0.         0.0123664  0.         0.13487105 0.
  0.15733306 0.         0.1681097  0.        ]
 [0.         0.18012322 0.         0.08852058 0.         0.19401865
  0.         0.03733755 0.         0.03733755 0.         0.19401865
  0.         0.08852058 0.         0.18012322]
 [0.31791559 0.         0.09250435 0.         0.11659054 0.
  0.11577519 0.         0.03234425 0.         0.11577519 0.
  0.11659054 0.         0.09250435 0.        ]
 [0.         0.24217716 0.         0.02646663 0.         0.19092109
  0.         0.04043511 0.         0.04043511 0.         0.19092109
  0.         0.02646663 0.         0.24217716]
 [0.40145435 0.         0.05218626 0.         0.09909311 0.
  0.1362834  0.         0.02342011 0.         0.1362834  0.
  0.09909311 0.         0.05218626 0.        ]
 [0.         0.20582884 0.         0.13044734 0.         0.05009002
  0.         0.1136338  0.         0.1136338  0.         0.05009002
  0.         0.13044734 0.         0.20582884]
 [0.14845691 0.         0.20425109 0.         0.0754146  0.
  0.07606028 0.         0.14009116 0.         0.07606028 0.
  0.0754146  0.         0.20425109 0.        ]
 [0.         0.13316321 0.         0.20311296 0.         0.03474349
  0.         0.12898034 0.         0.12898034 0.         0.03474349
  0.         0.20311296 0.         0.13316321]
 [0.11367082 0.         0.12078747 0.         0.18911577 0.
  0.00705758 0.         0.25240754 0.         0.00705758 0.
  0.18911577 0.         0.12078747 0.        ]
 [0.         0.09439057 0.         0.14574249 0.         0.1290562
  0.         0.13081074 0.         0.13081074 0.         0.1290562
  0.         0.14574249 0.         0.09439057]
 [0.18617629 0.         0.00242634 0.         0.20845546 0.
  0.13589011 0.         0.1202799  0.         0.13589011 0.
  0.20845546 0.         0.00242634 0.        ]
 [0.         0.09465326 0.         0.02430726 0.         0.25260254
  0.         0.12843695 0.         0.12843695 0.         0.25260254
  0.         0.02430726 0.         0.09465326]
 [0.07586982 0.         0.06461102 0.         0.03282918 0.
  0.35963818 0.         0.00997343 0.         0.35963818 0.
  0.03282918 0.         0.06461102 0.        ]
 [0.         0.06747749 0.         0.04445812 0.         0.15840021
  0.         0.22966418 0.         0.22966418 0.         0.15840021
  0.         0.04445812 0.         0.06747749]
 [0.05088665 0.         0.05701657 0.         0.05895142 0.
  0.23790274 0.         0.24137189 0.         0.23790274 0.
  0.05895142 0.         0.05701657 0.        ]
 [0.         0.03242886 0.         0.07950675 0.         0.07950675
  0.         0.30855764 0.         0.30855764 0.         0.07950675
  0.         0.07950675 0.         0.03242886]
 [0.05745314 0.         0.03538682 0.         0.09564445 0.
  0.03538682 0.         0.60971071 0.         0.03538682 0.
  0.09564445 0.         0.03538682 0.        ]
 [0.         0.04016739 0.         0.07176822 0.         0.07176822
  0.         0.31629617 0.         0.31629617 0.         0.07176822
  0.         0.07176822 0.         0.04016739]
 [0.01031564 0.         0.09389152 0.         0.02577254 0.
  0.18913414 0.         0.37208797 0.         0.18913414 0.
  0.02577254 0.         0.09389152 0.        ]
 [0.         0.05882632 0.         0.05310928 0.         0.04814798
  0.         0.33991641 0.         0.33991641 0.         0.04814798
  0.         0.05310928 0.         0.05882632]
 [0.03837037 0.         0.08739182 0.         0.03661597 0.
  0.20655783 0.         0.30049837 0.         0.20655783 0.
  0.03661597 0.         0.08739182 0.        ]]