[0.77045441 0.2116601  0.2433105  0.17435596 0.17435596 0.15231546
 0.23832751 0.11313708 0.16492423 0.10198039 0.13266499 0.11313708
 0.09380832 0.23832751 0.12       0.14142136 0.16       0.10583005
 0.18761663 0.12328828 0.14142136 0.22627417 0.28425341 0.08
 0.20396078 0.1496663  0.09797959 0.19595918 0.12649111 0.18547237
 0.13856406 0.08       0.1356466  0.13856406 0.15491933 0.24979992
 0.16492423 0.22271057 0.28425341 0.11313708 0.24494897 0.12
 0.18973666 0.16492423 0.17888544 0.2        0.16733201 0.20396078
 0.18547237 0.17888544 0.18761663 0.15231546 0.21354157 0.10954451
 0.2116601  0.13856406 0.23323808 0.10954451 0.1979899  0.12
 0.17663522 0.16492423 0.14696938 0.19390719 0.19183326 0.24166092
 0.1356466  0.16733201 0.19390719 0.21908902 0.12328828 0.17435596
 0.2        0.12328828 0.16733201 0.08       0.12       0.17435596
 0.15491933 0.17435596 0.10583005 0.24       0.14422205 0.17204651
 0.1496663  0.20396078 0.15491933 0.1811077  0.14422205 0.14422205
 0.15491933 0.15231546 0.23323808 0.1979899  0.2059126  0.2
 0.15231546 0.12961481 0.22271057]