[8.00390530e-01 3.86541152e-01 8.00543029e-02 2.29581515e-01
 3.71045240e-01 1.28464897e-01 4.06978478e-01 3.43990704e-01
 5.51924715e-02 4.67598807e-01 2.69150115e-01 2.65648847e-02
 2.35219366e-01 4.22871178e-01 5.50200992e-02 3.02783446e-01
 4.50164466e-01 1.00680994e-01 4.70241798e-01 2.72206498e-01
 7.07232733e-02 4.00172437e-01 8.09463132e-01 6.31783899e-04
 7.69531729e-01 3.62155410e-01 7.80036037e-02 1.96726633e-01
 2.79160786e-01 1.49181722e-01 3.76426058e-01 3.91748981e-01
 4.59451255e-02 4.93838324e-01 2.97315866e-01 7.65620743e-02
 1.98592068e-01 3.64314773e-01 4.77487354e-02 2.77024043e-01
 5.05052557e-01 7.08636460e-02 5.68071933e-01 3.14630347e-01
 5.06130865e-02 4.01035634e-01 7.93982999e-01 4.87486061e-03
 7.21393606e-01 3.31145830e-01 6.66173796e-02 1.89532060e-01
 2.04818722e-01 1.58311902e-01 3.56141458e-01 4.37551097e-01
 2.82425216e-02 4.99611697e-01 3.18922586e-01 1.17662675e-01
 1.66657558e-01 2.99352742e-01 4.09758435e-02 2.72734294e-01
 5.68041908e-01 4.36212169e-02 6.56590984e-01 3.51646158e-01
 2.25322164e-02 3.88917353e-01 7.53437660e-01 1.54816132e-02
 6.61581025e-01 3.00004930e-01 5.11875870e-02 2.17733439e-01
 1.61346085e-01 1.52731393e-01 3.41261085e-01 4.74178436e-01
 5.20731984e-03 4.85557987e-01 3.35188442e-01 1.45515903e-01
 1.55143498e-01 2.38739942e-01 4.55810572e-02 2.88758880e-01
 6.33967019e-01 2.23162278e-02 7.28876678e-01 3.80033415e-01
 9.14889074e-03 3.64982832e-01 6.89809066e-01 3.36570504e-02
 5.96179464e-01 2.77444896e-01 4.11979130e-02]