[8.10092587e-01 3.30718914e-01 3.53553391e-01 3.95284708e-01
 5.30330086e-01 3.92523115e-17 0.00000000e+00 2.50000000e-01
 3.53553391e-01 1.25000000e-01 3.53553391e-01 0.00000000e+00
 3.53553391e-01 2.16506351e-01 3.53553391e-01 3.92523115e-17
 0.00000000e+00 3.95284708e-01 5.30330086e-01 2.50000000e-01
 3.95284708e-01 5.15388203e-01 8.29156198e-01 5.00000000e-01
 8.10092587e-01 3.30718914e-01 3.53553391e-01 3.95284708e-01
 5.30330086e-01 3.92523115e-17 0.00000000e+00 2.50000000e-01
 3.53553391e-01 1.25000000e-01 3.53553391e-01 0.00000000e+00
 3.53553391e-01 2.16506351e-01 3.53553391e-01 3.92523115e-17
 0.00000000e+00 3.95284708e-01 5.30330086e-01 2.50000000e-01
 3.95284708e-01 5.15388203e-01 8.29156198e-01 5.00000000e-01
 8.10092587e-01 3.30718914e-01 3.53553391e-01 3.95284708e-01
 5.30330086e-01 3.92523115e-17 0.00000000e+00 2.50000000e-01
 3.53553391e-01 1.25000000e-01 3.53553391e-01 0.00000000e+00
 3.53553391e-01 2.16506351e-01 3.53553391e-01 3.92523115e-17
 0.00000000e+00 3.95284708e-01 5.30330086e-01 2.50000000e-01
 3.95284708e-01 5.15388203e-01 8.29156198e-01 5.00000000e-01
 8.10092587e-01 3.30718914e-01 3.53553391e-01 3.95284708e-01
 5.30330086e-01 3.92523115e-17 0.00000000e+00 2.50000000e-01
 3.53553391e-01 1.25000000e-01 3.53553391e-01 0.00000000e+00
 3.53553391e-01 2.16506351e-01 3.53553391e-01 3.92523115e-17
 0.00000000e+00 3.95284708e-01 5.30330086e-01 2.50000000e-01
 3.95284708e-01 5.15388203e-01 8.29156198e-01 5.00000000e-01
 8.10092587e-01 3.30718914e-01 3.53553391e-01]