[0.70823725 0.2884441  0.29529646 0.2349468  0.19183326 0.24657656
 0.17204651 0.18547237 0.16492423 0.22978251 0.20396078 0.23832751
 0.21725561 0.22803509 0.25455844 0.12961481 0.16733201 0.09797959
 0.18973666 0.11661904 0.20976177 0.25612497 0.16       0.1979899
 0.15491933 0.2019901  0.1811077  0.2059126  0.13856406 0.13856406
 0.2116601  0.22627417 0.24819347 0.17663522 0.15748016 0.09797959
 0.15231546 0.12       0.24979992 0.16733201 0.17888544 0.23323808
 0.18330303 0.18973666 0.14696938 0.1496663  0.2019901  0.14422205
 0.17888544 0.15491933 0.2        0.13266499 0.17204651 0.10198039
 0.20976177 0.14142136 0.2019901  0.16970563 0.14142136 0.20396078
 0.16248077 0.14422205 0.18547237 0.24166092 0.18973666 0.26381812
 0.15491933 0.22271057 0.19595918 0.17435596 0.21725561 0.19183326
 0.18761663 0.16970563 0.15231546 0.35099858 0.14422205 0.27856777
 0.2116601  0.16       0.1496663  0.09797959 0.18547237 0.13266499
 0.1356466  0.14142136 0.11661904 0.16970563 0.16970563 0.17435596
 0.12961481 0.19595918 0.16970563 0.14696938 0.10583005 0.22449944
 0.15748016 0.16492423 0.12328828]