[0.80039053 0.34938562 0.24569039 0.27207389 0.06861872 0.17292659
 0.2855631  0.28087644 0.21356637 0.36507788 0.43643045 0.19425733
 0.44194972 0.17738907 0.10827529 0.3039439  0.39644501 0.4293945
 0.51706135 0.26370862 0.20961025 0.19657937 0.04607876 0.08120331
 0.05653631 0.26845429 0.34053263 0.3243675  0.40811742 0.3696756
 0.5881837  0.25283049 0.11313132 0.12902493 0.05978173 0.19975586
 0.31718995 0.33371904 0.15666651 0.22136878 0.18073249 0.12554299
 0.29096924 0.14877068 0.15064978 0.24454813 0.26228231 0.15033934
 0.25611343 0.17989002 0.05740912 0.17175242 0.22723573 0.13502879
 0.12178074 0.2394779  0.11526873 0.27741633 0.15880095 0.13065744
 0.08966247 0.10751712 0.12878109 0.25977922 0.39146487 0.1180194
 0.31288785 0.30241188 0.15401979 0.12454263 0.21949823 0.10253066
 0.1813959  0.1680787  0.22334626 0.30531513 0.38768562 0.12000669
 0.12233763 0.17990368 0.15907846 0.46451276 0.65694877 0.34784538
 0.49386917 0.3586622  0.34737603 0.23889121 0.16069392 0.13434427
 0.10339569 0.24366609 0.27316348 0.48604414 0.70414752 0.25853165
 0.62361955 0.36348053 0.16863662]