[[0.   0.   0.   0.   0.   0.   0.   0.   1.   0.   0.   0.   0.   0.
  0.   0.  ]
 [0.   0.   0.   0.   0.22 0.   0.   0.   0.   0.18 0.   0.22 0.38 0.
  0.   0.  ]
 [0.16 0.   0.   0.   0.   0.06 0.   0.16 0.22 0.   0.16 0.   0.   0.12
  0.   0.12]
 [0.   0.12 0.   0.06 0.12 0.   0.08 0.   0.   0.14 0.   0.28 0.14 0.
  0.06 0.  ]
 [0.1  0.   0.12 0.   0.   0.02 0.   0.06 0.26 0.   0.1  0.   0.   0.14
  0.   0.2 ]
 [0.   0.04 0.   0.06 0.1  0.   0.04 0.   0.   0.08 0.   0.18 0.2  0.
  0.3  0.  ]
 [0.12 0.   0.14 0.   0.   0.06 0.   0.14 0.2  0.   0.14 0.   0.   0.08
  0.   0.12]
 [0.   0.06 0.   0.14 0.06 0.   0.12 0.   0.   0.22 0.   0.08 0.14 0.
  0.18 0.  ]
 [0.08 0.   0.12 0.   0.   0.06 0.   0.12 0.08 0.   0.2  0.   0.   0.14
  0.   0.2 ]
 [0.   0.1  0.   0.28 0.08 0.   0.18 0.   0.   0.06 0.   0.1  0.08 0.
  0.12 0.  ]
 [0.08 0.   0.12 0.   0.   0.12 0.   0.18 0.04 0.   0.16 0.   0.   0.18
  0.   0.12]
 [0.   0.12 0.   0.08 0.16 0.   0.16 0.   0.   0.14 0.   0.12 0.1  0.
  0.12 0.  ]
 [0.12 0.   0.14 0.   0.   0.14 0.   0.06 0.12 0.   0.18 0.   0.   0.12
  0.   0.12]
 [0.   0.08 0.   0.2  0.2  0.   0.08 0.   0.   0.22 0.   0.04 0.02 0.
  0.16 0.  ]
 [0.12 0.   0.14 0.   0.   0.14 0.   0.1  0.14 0.   0.16 0.   0.   0.08
  0.   0.12]
 [0.   0.12 0.   0.14 0.12 0.   0.1  0.   0.   0.12 0.   0.12 0.12 0.
  0.16 0.  ]
 [0.04 0.   0.12 0.   0.   0.16 0.   0.06 0.08 0.   0.14 0.   0.   0.2
  0.   0.2 ]
 [0.   0.18 0.   0.   0.06 0.   0.12 0.   0.   0.16 0.   0.06 0.18 0.
  0.24 0.  ]
 [0.1  0.   0.14 0.   0.   0.14 0.   0.1  0.08 0.   0.12 0.   0.   0.16
  0.   0.16]
 [0.   0.12 0.   0.08 0.16 0.   0.18 0.   0.   0.18 0.   0.04 0.1  0.
  0.14 0.  ]
 [0.08 0.   0.1  0.   0.   0.22 0.   0.1  0.14 0.   0.06 0.   0.   0.18
  0.   0.12]
 [0.   0.12 0.   0.04 0.12 0.   0.16 0.   0.   0.12 0.   0.16 0.14 0.
  0.14 0.  ]
 [0.1  0.   0.06 0.   0.   0.12 0.   0.04 0.14 0.   0.18 0.   0.   0.18
  0.   0.18]
 [0.   0.22 0.   0.06 0.08 0.   0.08 0.   0.   0.14 0.   0.12 0.14 0.
  0.16 0.  ]
 [0.14 0.   0.06 0.   0.   0.1  0.   0.12 0.1  0.   0.16 0.   0.   0.22
  0.   0.1 ]
 [0.   0.2  0.   0.06 0.06 0.   0.1  0.   0.   0.18 0.   0.06 0.24 0.
  0.1  0.  ]
 [0.16 0.   0.08 0.   0.   0.08 0.   0.12 0.12 0.   0.08 0.   0.   0.26
  0.   0.1 ]
 [0.   0.2  0.   0.16 0.14 0.   0.04 0.   0.   0.08 0.   0.1  0.18 0.
  0.1  0.  ]
 [0.2  0.   0.1  0.   0.   0.12 0.   0.12 0.12 0.   0.16 0.   0.   0.06
  0.   0.12]
 [0.   0.1  0.   0.08 0.16 0.   0.16 0.   0.   0.08 0.   0.16 0.14 0.
  0.12 0.  ]
 [0.1  0.   0.1  0.   0.   0.14 0.   0.12 0.16 0.   0.14 0.   0.   0.18
  0.   0.06]
 [0.   0.14 0.   0.08 0.12 0.   0.12 0.   0.   0.14 0.   0.2  0.04 0.
  0.16 0.  ]
 [0.06 0.   0.1  0.   0.   0.2  0.   0.22 0.02 0.   0.14 0.   0.   0.12
  0.   0.14]
 [0.   0.1  0.   0.08 0.06 0.   0.26 0.   0.   0.1  0.   0.12 0.14 0.
  0.14 0.  ]
 [0.1  0.   0.28 0.   0.   0.1  0.   0.14 0.1  0.   0.1  0.   0.   0.08
  0.   0.1 ]
 [0.   0.14 0.   0.1  0.18 0.   0.1  0.   0.   0.14 0.   0.14 0.06 0.
  0.14 0.  ]
 [0.22 0.   0.12 0.   0.   0.16 0.   0.14 0.06 0.   0.08 0.   0.   0.08
  0.   0.14]
 [0.   0.08 0.   0.16 0.16 0.   0.12 0.   0.   0.2  0.   0.1  0.08 0.
  0.1  0.  ]
 [0.14 0.   0.1  0.   0.   0.14 0.   0.18 0.1  0.   0.22 0.   0.   0.04
  0.   0.08]
 [0.   0.06 0.   0.1  0.2  0.   0.18 0.   0.   0.16 0.   0.1  0.14 0.
  0.06 0.  ]
 [0.1  0.   0.08 0.   0.   0.12 0.   0.22 0.14 0.   0.06 0.   0.   0.08
  0.   0.2 ]
 [0.   0.08 0.   0.14 0.1  0.   0.18 0.   0.   0.16 0.   0.06 0.18 0.
  0.1  0.  ]
 [0.18 0.   0.12 0.   0.   0.08 0.   0.16 0.12 0.   0.12 0.   0.   0.14
  0.   0.08]
 [0.   0.16 0.   0.1  0.1  0.   0.1  0.   0.   0.16 0.   0.1  0.12 0.
  0.16 0.  ]
 [0.12 0.   0.08 0.   0.   0.22 0.   0.02 0.14 0.   0.14 0.   0.   0.16
  0.   0.12]
 [0.   0.24 0.   0.08 0.12 0.   0.12 0.   0.   0.14 0.   0.12 0.04 0.
  0.14 0.  ]
 [0.08 0.   0.18 0.   0.   0.12 0.   0.18 0.06 0.   0.14 0.   0.   0.18
  0.   0.06]
 [0.   0.18 0.   0.14 0.14 0.   0.12 0.   0.   0.1  0.   0.12 0.06 0.
  0.14 0.  ]
 [0.14 0.   0.14 0.   0.   0.24 0.   0.08 0.12 0.   0.08 0.   0.   0.1
  0.   0.1 ]
 [0.   0.18 0.   0.14 0.08 0.   0.1  0.   0.   0.14 0.   0.08 0.18 0.
  0.1  0.  ]
 [0.16 0.   0.16 0.   0.   0.12 0.   0.1  0.12 0.   0.1  0.   0.   0.12
  0.   0.12]
 [0.   0.16 0.   0.2  0.18 0.   0.08 0.   0.   0.08 0.   0.1  0.1  0.
  0.1  0.  ]
 [0.18 0.   0.12 0.   0.   0.12 0.   0.1  0.18 0.   0.1  0.   0.   0.06
  0.   0.14]
 [0.   0.16 0.   0.12 0.2  0.   0.08 0.   0.   0.12 0.   0.08 0.14 0.
  0.1  0.  ]
 [0.08 0.   0.16 0.   0.   0.1  0.   0.18 0.04 0.   0.1  0.   0.   0.16
  0.   0.18]
 [0.   0.12 0.   0.2  0.08 0.   0.12 0.   0.   0.08 0.   0.16 0.08 0.
  0.16 0.  ]
 [0.06 0.   0.18 0.   0.   0.14 0.   0.08 0.18 0.   0.1  0.   0.   0.18
  0.   0.08]
 [0.   0.18 0.   0.06 0.16 0.   0.14 0.   0.   0.08 0.   0.06 0.18 0.
  0.14 0.  ]
 [0.16 0.   0.14 0.   0.   0.16 0.   0.08 0.12 0.   0.1  0.   0.   0.14
  0.   0.1 ]
 [0.   0.2  0.   0.14 0.12 0.   0.08 0.   0.   0.08 0.   0.2  0.1  0.
  0.08 0.  ]
 [0.12 0.   0.1  0.   0.   0.12 0.   0.1  0.1  0.   0.16 0.   0.   0.22
  0.   0.08]
 [0.   0.1  0.   0.12 0.1  0.   0.1  0.   0.   0.18 0.   0.08 0.16 0.
  0.16 0.  ]
 [0.1  0.   0.12 0.   0.   0.16 0.   0.14 0.1  0.   0.12 0.   0.   0.16
  0.   0.1 ]
 [0.   0.16 0.   0.1  0.16 0.   0.14 0.   0.   0.12 0.   0.2  0.06 0.
  0.06 0.  ]
 [0.1  0.   0.12 0.   0.   0.2  0.   0.1  0.1  0.   0.08 0.   0.   0.16
  0.   0.14]
 [0.   0.14 0.   0.16 0.08 0.   0.12 0.   0.   0.18 0.   0.06 0.12 0.
  0.14 0.  ]
 [0.08 0.   0.12 0.   0.   0.18 0.   0.1  0.12 0.   0.08 0.   0.   0.2
  0.   0.12]
 [0.   0.2  0.   0.04 0.08 0.   0.18 0.   0.   0.12 0.   0.1  0.06 0.
  0.22 0.  ]
 [0.08 0.   0.14 0.   0.   0.18 0.   0.1  0.08 0.   0.12 0.   0.   0.1
  0.   0.2 ]
 [0.   0.06 0.   0.12 0.14 0.   0.12 0.   0.   0.12 0.   0.16 0.1  0.
  0.18 0.  ]
 [0.08 0.   0.16 0.   0.   0.08 0.   0.14 0.08 0.   0.16 0.   0.   0.1
  0.   0.2 ]
 [0.   0.12 0.   0.16 0.04 0.   0.16 0.   0.   0.12 0.   0.14 0.12 0.
  0.14 0.  ]
 [0.1  0.   0.14 0.   0.   0.14 0.   0.1  0.04 0.   0.16 0.   0.   0.24
  0.   0.08]
 [0.   0.14 0.   0.06 0.14 0.   0.22 0.   0.   0.08 0.   0.08 0.08 0.
  0.2  0.  ]
 [0.06 0.   0.16 0.   0.   0.12 0.   0.14 0.14 0.   0.14 0.   0.   0.16
  0.   0.08]
 [0.   0.18 0.   0.12 0.1  0.   0.1  0.   0.   0.18 0.   0.1  0.08 0.
  0.14 0.  ]
 [0.12 0.   0.06 0.   0.   0.08 0.   0.16 0.1  0.   0.14 0.   0.   0.22
  0.   0.12]
 [0.   0.08 0.   0.08 0.2  0.   0.1  0.   0.   0.04 0.   0.12 0.22 0.
  0.16 0.  ]
 [0.18 0.   0.18 0.   0.   0.04 0.   0.14 0.2  0.   0.12 0.   0.   0.02
  0.   0.12]
 [0.   0.08 0.   0.16 0.08 0.   0.22 0.   0.   0.1  0.   0.12 0.14 0.
  0.1  0.  ]
 [0.1  0.   0.14 0.   0.   0.12 0.   0.14 0.14 0.   0.16 0.   0.   0.12
  0.   0.08]
 [0.   0.16 0.   0.08 0.12 0.   0.18 0.   0.   0.16 0.   0.08 0.14 0.
  0.08 0.  ]
 [0.1  0.   0.12 0.   0.   0.12 0.   0.14 0.12 0.   0.16 0.   0.   0.08
  0.   0.16]
 [0.   0.1  0.   0.1  0.06 0.   0.18 0.   0.   0.1  0.   0.14 0.18 0.
  0.14 0.  ]
 [0.1  0.   0.22 0.   0.   0.06 0.   0.12 0.16 0.   0.08 0.   0.   0.12
  0.   0.14]
 [0.   0.16 0.   0.06 0.18 0.   0.1  0.   0.   0.02 0.   0.18 0.22 0.
  0.08 0.  ]
 [0.12 0.   0.1  0.   0.   0.14 0.   0.1  0.16 0.   0.12 0.   0.   0.12
  0.   0.14]
 [0.   0.08 0.   0.12 0.12 0.   0.1  0.   0.   0.2  0.   0.04 0.22 0.
  0.12 0.  ]
 [0.2  0.   0.14 0.   0.   0.18 0.   0.08 0.1  0.   0.06 0.   0.   0.16
  0.   0.08]
 [0.   0.14 0.   0.16 0.12 0.   0.06 0.   0.   0.12 0.   0.1  0.06 0.
  0.24 0.  ]
 [0.1  0.   0.14 0.   0.   0.06 0.   0.08 0.1  0.   0.14 0.   0.   0.18
  0.   0.2 ]
 [0.   0.12 0.   0.1  0.06 0.   0.06 0.   0.   0.12 0.   0.16 0.2  0.
  0.18 0.  ]
 [0.18 0.   0.14 0.   0.   0.08 0.   0.08 0.14 0.   0.16 0.   0.   0.1
  0.   0.12]
 [0.   0.2  0.   0.14 0.06 0.   0.04 0.   0.   0.18 0.   0.1  0.12 0.
  0.16 0.  ]
 [0.12 0.   0.02 0.   0.   0.12 0.   0.1  0.12 0.   0.14 0.   0.   0.22
  0.   0.16]
 [0.   0.1  0.   0.04 0.2  0.   0.14 0.   0.   0.08 0.   0.16 0.22 0.
  0.06 0.  ]
 [0.14 0.   0.1  0.   0.   0.12 0.   0.1  0.16 0.   0.12 0.   0.   0.14
  0.   0.12]
 [0.   0.14 0.   0.08 0.18 0.   0.1  0.   0.   0.14 0.   0.18 0.14 0.
  0.04 0.  ]
 [0.22 0.   0.06 0.   0.   0.12 0.   0.16 0.1  0.   0.1  0.   0.   0.14
  0.   0.1 ]
 [0.   0.14 0.   0.14 0.08 0.   0.12 0.   0.   0.12 0.   0.06 0.28 0.
  0.06 0.  ]
 [0.16 0.   0.1  0.   0.   0.18 0.   0.08 0.1  0.   0.04 0.   0.   0.14
  0.   0.2 ]]