[0.84711274 0.31749016 0.20396078 0.2884441  0.15491933 0.24979992
 0.17435596 0.24166092 0.1356466  0.23323808 0.16492423 0.2116601
 0.06324555 0.19595918 0.18330303 0.2059126  0.09797959 0.2019901
 0.13266499 0.15231546 0.18330303 0.14422205 0.1356466  0.14142136
 0.09797959 0.18761663 0.22449944 0.19183326 0.17435596 0.14696938
 0.2116601  0.2078461  0.24819347 0.22449944 0.21725561 0.12328828
 0.18761663 0.12649111 0.21725561 0.12961481 0.18761663 0.15231546
 0.21725561 0.12328828 0.24       0.09797959 0.2116601  0.15231546
 0.12961481 0.15748016 0.09797959 0.10198039 0.22271057 0.1979899
 0.2059126  0.22449944 0.13266499 0.20396078 0.12649111 0.21354157
 0.09797959 0.21725561 0.08       0.20976177 0.05656854 0.19183326
 0.14142136 0.2        0.11661904 0.13856406 0.20396078 0.18547237
 0.14422205 0.18761663 0.1496663  0.24819347 0.26532998 0.22090722
 0.17663522 0.14696938 0.09380832 0.14142136 0.15491933 0.1979899
 0.15231546 0.25922963 0.1496663  0.23832751 0.21354157 0.18547237
 0.14696938 0.1496663  0.19183326 0.2884441  0.12961481 0.12649111
 0.12649111 0.22090722 0.16970563]