[0.81009259 0.35355339 0.35355339 0.         0.         0.
 0.         0.         0.35355339 0.35355339 0.81009259 0.
 0.81009259 0.35355339 0.35355339 0.         0.         0.
 0.         0.         0.35355339 0.35355339 0.81009259 0.
 0.81009259 0.35355339 0.35355339 0.         0.         0.
 0.         0.         0.35355339 0.35355339 0.81009259 0.
 0.81009259 0.35355339 0.35355339 0.         0.         0.
 0.         0.         0.35355339 0.35355339 0.81009259 0.
 0.81009259 0.35355339 0.35355339 0.         0.         0.
 0.         0.         0.35355339 0.35355339 0.81009259 0.
 0.81009259 0.35355339 0.35355339 0.         0.         0.
 0.         0.         0.35355339 0.35355339 0.81009259 0.
 0.81009259 0.35355339 0.35355339 0.         0.         0.
 0.         0.         0.35355339 0.35355339 0.81009259 0.
 0.81009259 0.35355339 0.35355339 0.         0.         0.
 0.         0.         0.35355339 0.35355339 0.81009259 0.
 0.81009259 0.35355339 0.35355339]